1.00 1.00 3.67 3.50 1.00 1.00 3.00 3.67 3.67 4.00 6.00 6.00 6.00 6.00 6.00 6.00 4.00 4.00 4.00 2.00 2.25 3.40 1.25 2.80 1.33 1.33 1.67 1.00 1.00 6.80 6.50 6.67
1.33 1.50 2.33 3.50 3.33 1.00 3.00 2.67 2.67 3.50 3.33 6.00 6.00 5.00 3.67 3.00 4.00 4.00 4.00 3.20 3.75 3.60 2.50 2.40 1.67 1.67 1.33 1.33 1.00 5.67 5.50 6.67
2.33 2.00 3.33 3.00 3.33 2.00 2.67 2.33 3.00 3.50 3.33 4.50 4.67 4.50 4.33 4.00 3.33 4.00 3.67 3.60 3.75 3.40 3.00 3.00 5.00 5.67 4.33 3.67 3.00 5.67 6.00 4.67
1.67 1.00 3.33 2.50 2.33 1.50 3.00 2.87 3.63 3.65 4.00 4.00 5.33 6.00 5.00 5.00 3.67 4.00 3.33 1.60 3.10 2.60 1.75 2.60 3.33 3.67 3.00 3.33 3.00 7.00 6.50 4.67
3.67 3.50 3.33 5.00 2.67 5.50 3.00 4.00 4.00 4.00 3.00 4.50 6.00 6.00 4.00 4.95 4.00 4.00 4.00 3.60 3.00 2.80 2.00 2.40 4.00 5.00 4.00 1.00 1.00 5.00 6.00 7.00
1.33 1.50 2.33 2.00 2.00 1.00 3.00 3.00 3.33 3.50 4.00 5.00 5.00 5.50 5.67 6.00 4.00 3.25 4.00 3.40 3.00 3.20 2.75 2.00 3.00 3.00 2.67 1.33 1.60 6.33 5.50 5.00
3.00 1.50 2.67 2.00 1.67 1.00 3.00 2.33 2.67 3.50 4.33 3.50 4.00 3.00 3.67 3.00 1.67 3.00 3.00 2.40 2.00 2.60 3.50 3.00 2.00 1.67 2.33 3.00 1.00 6.33 6.50 6.67
3.67 2.00 4.00 3.50 5.00 5.00 2.67 2.00 2.33 3.50 3.33 3.00 4.33 4.50 4.33 5.50 3.33 3.25 2.00 3.60 3.25 3.40 3.50 2.40 6.33 6.67 4.67 1.33 1.00 4.00 4.50 5.33
2.00 2.00 2.33 2.50 2.33 2.50 2.67 2.67 2.67 3.15 3.00 5.00 5.67 5.00 5.33 5.00 3.67 3.25 3.33 3.00 2.25 2.00 2.55 2.20 3.33 4.00 2.67 3.67 3.00 6.33 6.50 6.67
3.67 2.50 4.33 6.00 4.00 3.00 2.33 1.33 2.33 3.00 5.00 5.50 5.67 6.00 5.00 6.00 3.33 2.25 2.00 3.60 3.25 3.60 4.00 3.60 5.00 6.00 6.00 4.67 5.00 3.33 4.00 4.33
1.33 1.50 3.33 2.50 2.67 1.50 2.67 2.33 3.00 3.50 5.67 6.00 6.00 6.00 6.00 6.00 4.00 3.25 4.00 2.20 2.75 2.40 1.25 1.80 1.33 2.00 1.33 1.00 4.00 6.67 5.90 7.00
2.33 2.50 3.67 2.50 2.00 2.00 3.33 3.00 3.00 3.50 3.00 5.00 5.00 5.00 5.33 5.50 4.00 4.00 3.67 3.00 3.50 3.80 3.50 3.00 2.00 1.67 2.00 1.33 1.50 6.33 7.00 5.33
2.00 2.00 2.33 3.00 2.33 2.00 3.33 3.00 3.33 4.00 4.33 3.50 5.67 5.50 6.00 6.00 3.67 3.75 3.00 2.80 3.00 2.40 2.25 2.40 2.67 3.33 2.33 1.67 2.50 6.67 6.50 6.67
1.67 1.00 1.00 3.00 4.00 1.50 2.67 2.67 3.00 2.50 4.67 5.50 6.00 6.00 3.67 3.00 4.00 3.25 4.00 2.60 3.75 2.20 1.75 2.80 6.33 4.67 3.67 4.00 3.00 6.00 6.00 6.67
1.00 1.00 1.00 1.00 1.00 1.00 4.00 3.33 4.00 4.00 5.00 6.00 5.67 5.50 6.00 6.00 3.67 3.50 3.33 2.20 3.00 2.80 1.00 3.20 2.00 1.33 1.67 1.33 1.00 6.67 6.50 6.67
2.67 2.50 3.33 4.50 2.33 1.00 3.33 3.00 4.00 3.50 5.67 5.50 6.00 6.00 6.00 6.00 3.67 3.50 3.33 2.80 2.75 3.00 2.25 2.00 3.67 3.00 2.33 2.00 1.50 5.33 6.00 5.00
1.33 1.50 2.33 1.50 1.33 1.50 3.33 3.67 3.67 4.00 3.33 5.00 3.67 5.00 5.67 5.00 4.00 4.00 4.00 3.20 2.00 2.00 1.50 1.20 2.67 2.33 2.00 1.67 1.00 5.67 6.00 6.33
1.00 1.00 2.13 1.50 4.33 3.50 2.33 2.67 3.00 2.50 6.00 5.50 5.00 6.00 6.00 6.00 3.67 3.25 4.00 2.00 1.75 1.40 1.25 1.20 5.33 5.00 4.67 1.00 1.00 6.00 7.00 7.00
1.00 1.00 2.33 2.50 2.33 1.50 3.00 4.00 3.33 4.00 1.67 3.50 2.67 5.00 2.33 3.00 4.00 4.00 3.00 2.60 3.50 1.40 1.50 1.00 6.33 4.00 4.00 2.00 1.50 7.00 7.00 6.67
3.00 3.50 3.80 4.00 3.67 4.00 2.67 2.67 2.67 3.00 2.67 4.00 3.67 4.00 3.67 4.00 3.00 2.75 2.67 3.00 3.50 3.20 3.00 3.40 5.33 5.67 4.00 2.77 1.60 4.80 4.65 5.93
3.33 2.50 4.33 3.00 4.33 5.00 2.67 2.00 2.67 2.50 2.33 3.00 2.67 3.50 3.33 4.00 3.67 4.00 3.67 3.40 2.25 3.00 2.50 2.20 4.33 4.67 4.67 1.00 2.50 5.67 5.00 5.67
1.00 1.00 1.33 2.50 4.33 3.00 3.00 2.00 3.33 1.00 4.33 6.00 5.33 6.00 6.00 6.00 4.00 3.75 3.67 2.60 2.50 2.60 2.00 1.60 4.33 4.67 3.00 3.00 1.50 6.33 6.50 6.67
4.00 6.00 6.00 5.50 6.00 1.00 3.67 3.00 3.67 3.50 1.00 2.50 4.00 4.00 3.00 4.00 4.00 4.00 4.00 3.20 4.00 3.80 2.25 5.00 6.00 5.67 5.67 1.33 1.00 6.00 6.50 7.00
1.67 1.50 4.00 5.00 2.67 1.00 3.67 2.67 3.33 3.00 5.33 5.50 6.00 5.50 4.33 4.50 4.00 4.00 4.00 2.40 2.75 2.80 2.00 2.40 2.67 2.67 1.67 2.00 2.50 6.67 7.00 7.00
1.67 1.00 3.00 1.50 4.33 3.00 4.00 3.67 4.00 4.00 6.00 5.50 4.67 5.00 6.00 6.00 4.00 4.00 4.00 3.00 2.50 2.00 1.50 1.20 1.33 1.33 1.33 1.00 1.00 7.00 7.00 7.00
3.67 2.50 3.00 3.00 2.00 2.50 3.33 2.67 3.00 3.50 3.00 1.50 4.33 4.00 4.00 5.00 4.00 4.00 3.33 3.20 4.00 3.60 3.00 2.40 3.33 4.00 3.00 4.33 4.00 5.67 6.00 6.00
4.33 2.50 3.33 4.50 5.00 4.00 2.67 2.00 2.33 4.00 2.00 2.50 4.67 3.50 4.67 3.00 3.67 4.00 3.67 2.80 3.00 2.60 2.00 2.20 4.33 4.33 3.67 1.33 1.00 5.00 6.50 5.67
2.33 3.00 4.13 4.00 2.67 3.00 2.67 2.33 2.67 2.00 1.67 4.00 3.67 4.00 3.67 4.00 3.00 2.75 2.67 1.80 2.75 2.40 2.75 2.40 2.67 2.67 2.33 3.00 1.50 4.33 4.50 5.33
2.33 2.50 4.33 4.00 3.33 4.50 3.00 2.67 3.33 3.50 3.33 4.00 4.00 4.00 5.00 4.50 3.33 3.50 3.00 3.00 2.50 2.60 1.75 2.86 4.33 5.67 5.33 4.00 3.50 5.00 5.50 5.67
1.67 1.50 2.33 3.00 3.67 3.00 2.67 3.67 3.33 4.00 4.33 4.00 4.47 5.00 5.00 4.50 4.00 4.00 3.33 2.00 2.50 2.60 1.50 2.00 4.33 4.33 2.00 3.13 1.00 7.00 7.00 6.67
3.00 2.00 3.33 3.00 4.00 2.00 2.33 2.67 2.33 2.50 4.00 4.50 4.67 5.00 5.00 5.00 3.67 4.00 4.00 2.00 3.00 2.60 3.50 2.40 3.67 4.00 3.00 2.67 3.00 6.00 6.50 6.33
3.67 2.50 3.00 4.00 4.33 2.00 2.00 1.33 1.67 1.00 1.33 3.00 1.33 1.50 6.00 6.00 4.00 4.00 4.00 2.80 2.50 2.40 1.50 1.64 6.00 4.67 5.33 1.00 1.50 6.33 6.50 7.00
3.00 2.00 2.33 2.00 3.33 1.00 3.00 2.33 3.33 2.00 5.33 5.50 3.67 5.00 5.00 5.00 2.67 2.50 2.33 2.40 3.00 2.80 2.00 2.00 2.33 2.33 4.00 4.67 2.50 7.00 7.00 7.00
2.33 1.00 1.33 1.00 1.00 1.00 3.00 2.33 2.67 2.50 4.33 6.00 6.00 6.00 6.00 6.00 4.00 4.00 4.00 2.40 2.75 3.00 2.75 3.00 1.33 2.00 1.33 2.00 6.00 7.00 7.00 5.00
1.33 1.00 2.33 1.50 2.33 1.00 2.67 3.00 3.33 4.00 5.00 6.00 4.33 6.00 4.67 4.50 4.00 4.00 3.33 3.60 3.25 3.60 2.00 1.40 1.67 1.67 1.67 1.00 1.50 7.00 6.50 7.00
2.33 1.50 1.67 2.00 2.33 1.50 3.33 2.67 2.33 2.50 3.00 5.00 4.33 5.00 4.67 4.50 3.67 3.50 3.33 3.00 2.75 3.60 2.50 3.40 3.33 4.33 3.00 2.67 2.50 6.33 6.00 4.33
1.67 1.50 4.00 3.50 4.67 2.50 3.00 2.67 3.33 4.00 2.67 3.00 3.33 5.00 5.00 5.50 4.00 4.00 3.67 2.00 3.25 2.40 2.25 2.20 4.33 4.00 3.67 1.67 1.00 6.33 7.00 6.67
1.00 1.00 2.00 1.50 2.00 2.00 3.67 2.67 2.67 3.00 5.67 6.00 6.00 6.00 6.00 6.00 4.00 4.00 4.00 2.60 3.50 2.20 2.00 1.80 3.33 3.00 3.00 2.00 1.00 6.33 5.50 5.67
2.00 2.00 2.67 2.00 2.67 2.50 2.33 2.00 2.67 3.00 5.33 5.00 4.00 5.00 4.00 5.00 3.00 3.75 3.67 2.20 1.75 2.80 2.25 2.40 5.33 6.00 3.00 4.67 3.50 5.00 6.50 6.00
2.33 1.50 3.00 2.00 2.67 2.00 2.67 2.67 2.67 3.00 3.33 5.00 5.00 5.00 5.00 5.00 4.00 4.00 4.00 2.60 3.25 3.20 2.75 2.60 1.33 2.00 1.00 1.67 2.00 6.67 6.50 6.33
2.67 2.00 3.00 3.00 5.67 2.00 3.33 3.00 3.00 4.00 4.00 6.00 4.00 5.00 5.33 5.00 3.67 4.00 4.00 2.00 2.50 2.00 1.75 1.20 4.00 3.67 3.00 1.00 1.50 6.33 6.50 7.00
1.33 1.00 2.67 1.50 2.67 2.00 4.00 2.67 4.00 4.00 6.00 6.00 5.33 6.00 5.67 6.00 3.33 3.75 3.33 2.60 1.75 3.20 3.50 2.60 2.33 2.33 1.33 2.00 1.00 7.00 7.00 7.00
1.33 1.50 4.33 5.00 5.33 5.00 3.33 2.67 3.33 4.00 3.33 5.00 5.00 6.00 5.00 5.50 3.33 3.75 3.33 2.00 4.25 2.60 1.50 1.60 6.00 6.67 6.67 3.33 1.50 6.67 6.00 6.67
1.00 1.00 2.00 2.50 1.33 1.00 4.00 3.00 3.67 4.00 5.33 5.50 5.67 5.50 5.67 5.50 3.33 3.75 4.00 3.60 2.75 2.00 1.75 1.40 1.33 1.33 1.33 1.00 1.00 7.00 7.00 7.00
1.67 1.50 1.67 2.50 1.67 2.00 2.67 3.33 3.33 4.00 3.67 3.50 4.33 5.00 5.33 5.50 4.00 4.00 4.00 1.40 2.75 1.80 1.25 1.60 4.00 2.67 2.33 1.00 1.00 6.33 7.00 7.00
2.00 2.50 5.00 3.50 4.67 2.50 2.00 1.33 2.00 2.00 3.00 3.50 3.67 4.50 2.00 4.50 2.67 3.00 2.67 3.20 3.25 2.80 3.25 2.40 4.00 3.00 4.00 4.67 1.50 6.00 6.00 6.00
2.67 1.50 4.33 1.50 3.67 1.00 3.67 4.00 2.67 4.00 4.33 5.50 5.00 5.00 4.67 5.00 3.67 4.00 4.00 1.80 1.75 2.00 1.00 1.40 2.33 2.33 1.67 1.00 1.00 6.00 7.00 7.00
3.67 3.00 4.00 4.50 4.33 4.50 2.67 3.33 3.00 4.00 3.00 4.50 4.67 3.50 5.33 4.50 2.67 3.00 2.67 3.20 3.00 2.80 3.00 3.80 4.00 4.67 5.33 1.00 1.00 5.33 7.00 6.33
2.33 1.00 2.33 2.00 3.67 1.00 4.00 3.00 3.00 2.50 3.67 6.00 5.33 5.50 6.00 6.00 4.00 3.75 4.00 2.60 3.25 3.20 2.75 3.20 4.33 4.33 4.33 2.00 1.00 6.67 7.00 7.00
3.00 2.50 3.67 3.00 5.00 2.00 3.33 2.33 2.67 2.50 3.33 5.00 3.33 5.00 2.67 4.00 3.00 3.00 3.33 2.80 3.25 2.60 2.50 3.00 3.33 4.33 4.00 1.33 3.00 5.33 4.50 6.33
2.00 2.00 4.13 3.00 3.67 2.00 3.67 3.87 3.30 3.65 5.33 6.00 5.67 6.00 4.67 4.00 3.67 3.75 3.00 2.20 3.00 2.52 1.80 2.70 4.33 3.33 3.33 1.00 1.00 6.67 7.00 7.00
2.33 2.00 1.33 3.00 4.00 3.50 2.00 1.33 2.33 2.50 4.00 3.50 5.67 5.00 5.33 3.00 3.00 3.75 3.67 3.00 3.75 2.60 2.50 1.60 4.00 4.33 5.33 2.33 1.50 5.33 4.00 4.00
2.00 2.00 3.33 3.50 3.33 3.50 2.67 3.00 3.33 3.50 5.00 5.00 5.00 5.00 5.00 5.00 3.67 3.75 4.00 2.60 3.25 3.20 2.00 2.60 3.67 3.33 2.33 2.00 1.50 6.67 7.00 7.00
2.00 2.50 4.00 2.50 3.67 2.00 3.33 2.00 2.67 3.50 3.33 5.00 4.67 5.00 4.67 4.50 4.00 4.00 4.00 3.00 3.50 3.00 2.50 2.60 1.33 1.33 2.33 1.00 1.00 6.33 6.50 6.33
1.00 1.00 1.33 1.00 2.00 1.00 3.33 3.67 3.00 4.00 5.00 5.50 6.00 5.50 4.67 4.50 4.00 4.00 4.00 2.60 2.25 2.80 2.25 2.20 1.33 1.33 1.33 1.00 1.50 7.00 7.00 6.67
2.33 1.50 2.33 3.00 1.67 1.50 3.00 2.33 3.00 3.50 4.33 5.50 3.67 4.00 5.00 5.00 3.33 3.75 3.33 2.60 3.25 2.80 2.00 2.20 3.00 2.33 3.67 3.33 2.00 6.67 7.00 5.67
3.00 1.50 1.00 1.50 1.67 1.50 3.67 3.00 3.67 4.00 4.67 6.00 6.00 6.00 5.33 5.50 4.00 4.00 4.00 2.00 2.50 2.40 1.75 1.80 1.33 1.00 1.67 1.33 1.00 7.00 6.50 7.00
5.33 3.50 4.67 3.50 5.00 4.00 3.00 2.67 2.67 3.00 1.00 1.00 1.33 1.00 5.33 3.50 3.67 4.00 3.67 3.40 3.25 3.60 3.00 2.40 4.67 3.00 4.67 1.33 2.50 6.13 4.00 4.00
2.33 1.50 2.67 4.50 4.00 2.00 3.00 3.00 4.00 3.50 3.67 3.00 4.33 3.50 5.00 4.00 3.67 3.50 3.33 3.40 3.50 2.80 2.50 2.80 4.67 6.33 3.00 1.67 3.50 7.00 7.00 6.67
2.00 1.50 3.00 2.50 3.67 1.00 3.00 3.67 4.00 4.00 2.67 5.00 5.67 5.50 5.00 5.00 3.33 3.75 3.00 3.40 3.50 3.80 2.25 3.00 4.00 4.67 3.33 3.00 2.50 6.33 6.00 6.67
2.33 2.00 4.67 4.00 4.00 4.00 2.33 2.00 1.67 1.50 2.67 1.00 1.33 1.00 5.33 5.00 3.67 4.00 4.00 3.60 3.50 3.80 3.00 2.00 3.67 4.00 3.33 3.00 1.00 7.00 6.50 6.33
2.33 2.00 2.00 2.00 2.33 1.50 3.33 3.33 3.00 3.50 4.67 5.50 5.33 4.50 5.00 4.50 3.67 3.25 3.67 3.20 3.50 3.40 2.50 3.20 2.00 2.33 1.67 1.00 1.00 6.00 7.00 6.00
2.33 3.50 2.00 2.00 2.67 2.00 4.00 3.67 3.67 4.00 5.33 6.00 5.33 5.50 5.67 5.50 4.00 4.00 4.00 2.60 2.50 2.00 1.25 2.40 2.33 1.67 1.33 1.33 1.00 7.00 7.00 7.00
2.33 1.00 3.67 5.50 4.33 2.00 3.33 4.00 3.67 4.00 5.33 6.00 6.00 6.00 6.00 5.50 4.00 4.00 4.00 3.00 3.50 3.60 2.00 2.60 4.33 2.67 2.00 1.33 1.00 7.00 7.00 7.00
4.33 5.00 2.33 3.50 2.67 1.00 3.00 2.00 2.33 3.00 4.33 4.50 4.67 3.00 5.33 5.00 4.00 4.00 4.00 2.60 3.00 2.80 3.00 2.20 4.67 6.67 3.33 1.33 1.00 4.67 5.50 5.00
1.67 1.50 2.67 2.50 2.00 1.50 2.67 2.67 2.67 2.00 4.00 4.50 5.00 4.50 4.00 4.50 3.33 3.75 3.33 2.60 3.50 2.80 2.75 2.40 5.33 5.33 5.00 2.67 4.00 5.33 4.50 6.00
2.67 2.00 2.67 5.50 4.67 1.50 3.67 3.00 2.67 4.00 4.67 5.00 3.00 3.50 5.33 5.00 4.00 4.00 3.67 3.80 3.00 3.00 3.00 3.20 3.33 4.00 2.00 1.00 1.00 6.67 5.50 6.67
4.67 4.00 3.33 5.00 2.67 4.50 3.67 3.67 3.67 3.50 3.33 5.50 3.67 4.50 4.33 4.50 3.00 3.50 3.67 2.40 3.50 3.20 2.25 3.40 4.00 4.33 4.00 2.00 2.50 4.33 4.00 4.67
2.00 1.50 1.67 3.50 2.33 1.50 3.67 3.67 4.00 4.00 4.00 3.50 5.00 4.50 3.67 3.50 3.67 2.75 2.67 2.40 3.00 2.60 2.00 1.60 2.00 2.33 2.00 1.00 1.00 7.00 7.00 5.00
1.67 1.00 3.00 3.50 2.00 1.50 3.00 2.33 3.00 4.00 4.33 3.00 4.33 3.50 6.00 5.00 4.00 4.00 4.00 2.60 2.75 2.60 2.25 2.20 3.67 3.00 3.33 2.00 2.50 5.33 4.50 4.33
4.33 3.50 6.00 4.50 6.00 2.00 2.67 3.33 3.67 3.00 2.33 1.00 1.00 1.50 4.00 4.00 3.33 3.50 2.33 3.40 4.25 3.60 3.00 4.20 7.00 7.00 7.00 2.67 3.00 5.67 7.00 4.33
3.20 2.50 2.67 2.50 3.00 1.50 2.33 3.00 3.33 2.50 2.67 2.50 3.00 3.00 3.00 3.00 3.33 3.75 4.00 2.80 3.00 3.00 3.25 2.60 2.00 2.00 2.00 1.67 1.50 5.33 6.50 5.67
4.33 4.00 3.33 5.00 3.00 6.00 3.00 3.33 2.67 4.00 3.00 5.00 5.00 5.50 5.00 5.00 4.00 3.75 3.33 2.80 4.00 2.60 2.50 3.40 5.00 4.67 3.00 1.67 1.50 6.00 5.00 6.33
2.67 2.00 2.67 5.50 4.67 1.50 3.67 3.00 2.67 4.00 4.67 5.00 3.00 3.50 5.33 5.00 4.00 4.00 3.67 3.80 3.00 3.00 2.75 3.20 3.33 4.00 2.00 1.00 1.00 6.67 5.50 6.67
4.67 4.00 3.33 5.00 2.67 4.50 3.67 3.67 3.67 3.50 3.33 5.50 3.67 4.50 4.33 4.50 3.00 3.50 3.67 2.40 3.50 3.20 2.25 3.40 4.00 4.33 4.00 2.00 2.50 4.33 4.00 4.67
2.00 1.50 1.67 3.50 2.33 1.50 3.33 3.67 3.67 4.00 4.00 3.50 5.00 4.50 3.67 3.50 3.67 2.75 2.67 2.40 2.50 2.60 2.25 2.60 2.00 2.33 2.00 1.00 1.00 7.00 7.00 3.33
1.67 1.00 3.00 3.50 2.00 1.50 3.00 2.33 3.00 4.00 4.33 3.00 4.33 3.50 6.00 5.00 4.00 4.00 4.00 2.60 2.75 2.60 2.25 2.20 3.67 3.00 3.33 2.00 2.50 5.33 4.50 4.33
4.33 3.50 6.00 4.50 6.00 2.00 2.67 3.33 3.67 3.00 2.33 1.00 1.00 1.50 4.00 4.00 3.33 3.50 2.33 3.40 4.25 3.60 3.00 4.20 7.00 7.00 7.00 4.67 3.00 5.67 7.00 4.33
3.33 2.50 2.67 2.50 3.00 1.50 2.33 3.00 3.33 2.50 2.67 2.50 3.00 3.00 3.00 3.00 3.33 3.75 4.00 2.80 3.00 3.00 3.25 2.60 2.00 2.00 2.00 1.67 1.50 5.33 6.50 5.67
4.33 4.00 3.33 5.00 3.00 6.00 3.00 3.33 2.67 4.00 3.00 5.00 5.00 5.50 5.00 5.00 4.00 3.75 3.33 2.80 4.00 2.60 2.50 3.40 5.00 4.67 3.00 1.67 1.50 6.00 5.00 6.33
2.33 2.00 1.67 3.50 2.33 4.00 2.67 1.33 2.67 3.00 4.00 5.50 5.33 5.50 5.67 4.50 4.00 4.00 4.00 2.60 3.00 2.80 2.75 2.40 5.00 4.33 2.00 3.00 3.00 6.33 5.50 5.67
2.67 2.00 3.33 3.50 2.67 2.50 3.00 2.33 3.33 3.00 3.67 4.00 4.00 4.50 3.33 3.00 3.33 3.25 3.33 3.20 2.75 2.80 2.75 3.20 3.33 4.00 4.00 2.33 1.00 5.67 6.00 4.67
1.67 1.50 3.00 4.00 4.00 3.50 2.67 2.67 3.67 3.50 4.00 5.50 4.00 4.50 4.67 4.50 3.67 4.00 4.00 3.20 2.25 2.40 2.00 2.00 6.00 3.00 2.67 1.33 1.00 4.13 5.00 4.27
2.33 3.00 2.67 3.50 3.67 3.00 3.33 3.33 2.33 3.50 4.67 5.00 5.00 5.00 5.33 5.00 3.00 3.00 2.33 3.40 4.00 3.40 2.75 3.00 6.33 6.67 6.33 5.67 5.50 5.33 6.00 6.00
1.67 2.00 4.00 5.00 2.33 2.00 4.00 3.33 4.00 4.00 4.00 2.00 3.33 4.50 3.67 5.00 3.33 4.00 4.00 3.60 3.75 2.20 1.25 2.80 4.67 6.33 5.00 1.33 1.00 5.67 6.00 7.00
1.00 1.50 1.33 3.00 1.33 1.00 3.00 2.67 3.00 3.50 3.33 4.50 4.00 4.00 4.67 4.00 3.33 3.25 2.33 4.20 4.00 3.40 4.00 4.20 3.00 4.67 4.00 2.67 1.00 5.00 5.00 5.33
1.33 1.00 3.67 1.50 3.00 1.50 2.67 2.33 2.67 3.00 6.00 6.00 6.00 6.00 6.00 6.00 4.00 3.25 4.00 2.20 2.25 2.80 2.00 1.80 2.00 2.00 2.33 1.00 1.00 5.67 6.50 7.00
1.67 1.50 1.33 3.00 2.67 2.00 3.00 2.33 2.33 3.50 4.33 5.50 6.00 6.00 5.67 5.50 3.67 3.00 2.33 4.20 3.75 2.80 2.00 3.40 1.67 2.67 2.00 2.00 2.00 4.33 5.50 5.67
2.67 1.50 2.33 3.00 3.33 6.00 2.67 2.67 2.00 3.50 5.33 5.50 4.33 6.00 6.00 6.00 4.00 3.75 4.00 3.20 4.00 2.20 3.25 3.40 3.33 1.67 1.67 1.67 1.50 4.67 4.50 6.33
1.33 2.00 3.67 5.00 4.33 2.00 3.00 3.33 3.00 4.00 3.33 3.00 1.33 2.00 6.00 6.00 3.67 4.00 3.67 2.40 2.75 3.40 3.00 3.00 5.00 4.67 2.67 1.67 1.50 7.00 7.00 6.67
1.33 1.00 2.33 3.00 2.33 1.50 4.00 2.33 3.00 3.50 5.33 5.00 5.67 5.50 5.33 4.50 4.00 4.00 4.00 2.20 2.00 2.00 1.00 1.00 2.33 2.67 2.00 1.33 2.00 6.00 5.50 6.67
3.67 4.00 4.00 4.00 3.00 2.50 3.00 2.00 2.67 3.50 3.00 2.50 1.67 2.00 3.33 3.50 3.33 3.50 3.00 2.80 3.25 3.00 2.25 3.20 5.67 6.00 5.00 3.67 3.50 5.67 6.00 5.00
4.67 2.00 4.33 3.50 3.00 1.50 4.00 2.33 3.67 3.50 3.33 3.50 2.00 3.00 3.67 4.50 3.33 3.00 2.33 3.00 3.50 2.80 1.50 2.60 3.33 3.67 2.67 1.00 1.00 6.33 7.00 6.67
1.00 2.00 2.67 5.00 3.33 3.50 3.00 2.67 2.67 4.00 4.33 4.00 4.33 3.00 4.33 4.00 3.00 2.50 2.67 4.20 4.50 3.60 3.75 4.40 4.67 4.00 4.67 4.33 2.00 5.33 5.50 5.67
2.67 2.50 3.67 3.50 4.67 2.00 2.67 3.00 3.33 4.00 5.00 5.50 5.00 5.00 5.67 5.00 4.00 4.00 3.67 2.60 3.00 2.40 2.25 3.40 5.00 3.67 2.67 2.33 1.50 7.00 7.00 7.00
3.00 3.00 4.33 4.50 4.33 4.50 2.67 2.00 3.67 3.50 4.00 5.00 3.33 4.50 4.33 4.50 3.67 3.00 3.47 3.00 2.50 3.40 3.00 2.80 3.33 4.00 4.00 1.33 1.00 6.67 7.00 7.00
1.00 1.00 1.33 4.50 2.33 3.00 4.00 3.00 4.00 4.00 4.67 5.00 5.67 6.00 4.67 5.00 3.67 3.75 3.67 3.20 3.25 3.80 2.75 3.00 2.67 2.67 2.33 2.67 1.50 6.00 6.00 6.33
1.67 3.00 2.33 3.00 3.00 2.00 2.00 1.33 3.00 4.00 2.33 4.50 4.33 5.00 4.67 5.00 2.67 4.00 2.67 2.40 4.25 3.40 2.75 2.20 3.33 4.67 4.67 2.00 2.50 5.00 6.00 5.33
1.67 1.50 3.00 1.50 3.67 1.00 3.33 3.33 4.00 4.00 3.33 5.50 5.00 6.00 5.33 5.00 3.67 3.00 3.33 3.20 3.25 3.40 2.75 3.40 3.00 2.00 2.00 1.33 1.00 6.67 7.00 7.00
1.00 1.00 3.00 3.00 2.00 3.50 3.00 2.67 3.67 3.50 4.33 6.00 3.67 4.50 3.33 4.00 4.00 4.00 4.00 3.00 3.25 3.40 2.50 2.40 2.67 1.67 4.00 4.00 2.50 6.67 5.00 7.00
2.00 3.50 4.33 4.00 4.00 2.50 2.67 1.67 2.00 2.50 3.33 4.00 4.67 4.00 4.00 4.00 4.00 4.00 3.33 2.40 3.00 3.00 1.75 2.20 3.67 4.00 3.00 2.00 1.00 6.00 3.00 6.33
1.67 1.50 2.33 1.00 1.00 2.50 2.67 3.00 4.00 3.50 5.00 4.50 5.67 6.00 4.67 5.50 4.00 4.00 3.60 3.40 2.75 2.00 2.50 2.20 2.00 2.00 2.00 1.33 1.50 7.00 4.50 6.67
3.00 1.00 3.00 1.50 2.67 2.00 2.67 3.00 3.67 4.00 3.67 3.50 5.00 6.00 5.33 5.50 4.00 4.00 4.00 3.60 4.00 3.20 2.75 3.60 2.00 3.00 1.67 1.33 1.00 5.33 7.00 7.00
1.67 3.00 4.00 2.00 3.00 2.50 3.00 2.33 2.67 3.50 4.00 5.00 4.67 5.00 4.00 5.00 4.00 4.00 4.00 2.40 2.25 3.20 1.25 1.40 4.33 2.67 2.33 2.33 1.50 5.67 5.50 6.00
3.00 2.00 3.67 3.00 5.00 3.00 2.67 3.00 3.00 2.50 3.33 4.50 3.67 4.50 5.00 5.50 3.67 2.75 2.67 3.80 2.75 2.80 2.50 2.80 6.67 5.00 4.00 2.67 4.50 7.00 7.00 6.33
3.00 2.50 3.67 3.00 4.00 4.00 2.67 2.33 2.33 2.50 2.67 4.00 3.67 4.00 3.67 3.50 3.67 3.50 3.00 3.20 2.75 3.20 3.00 3.20 3.67 3.33 3.33 3.33 3.00 5.67 5.50 5.33
1.67 1.50 2.67 1.00 2.33 1.00 3.33 3.67 3.33 4.00 5.00 5.50 6.00 5.00 5.33 4.75 3.33 4.00 3.67 3.20 3.50 3.60 1.67 3.00 1.67 2.00 1.33 1.33 1.00 5.67 5.00 5.67
1.67 1.50 3.67 1.50 4.00 3.50 3.67 3.67 3.67 4.00 5.67 6.00 6.00 6.00 6.00 6.00 4.00 3.50 3.67 3.00 3.50 3.40 3.00 3.60 4.33 2.33 3.67 2.00 1.00 5.67 7.00 7.00
2.33 1.00 2.00 3.50 3.00 2.00 3.00 3.33 3.67 4.00 5.00 5.00 6.00 6.00 6.00 5.50 4.00 4.00 4.00 2.40 3.00 1.80 2.25 2.00 3.67 3.67 2.67 2.67 2.00 6.33 6.50 5.33
1.67 2.00 4.00 3.50 3.33 1.50 3.33 1.67 2.00 2.50 4.33 5.00 5.33 5.50 5.00 5.50 4.00 4.00 3.67 2.40 2.50 3.20 3.00 2.80 5.00 3.33 5.67 2.67 1.50 6.67 6.50 6.67
4.00 4.00 2.00 3.00 4.00 3.00 2.67 3.67 4.00 4.00 2.67 3.50 2.33 2.50 5.00 5.00 3.67 4.00 3.33 2.40 2.75 3.00 2.00 2.60 3.00 3.00 2.67 1.33 1.50 6.00 6.00 6.33
3.67 1.50 1.67 3.00 4.00 2.00 2.33 2.33 2.67 3.50 4.00 6.00 5.33 5.00 5.33 6.00 4.00 3.50 3.67 3.00 2.50 2.00 2.25 1.80 4.00 2.33 2.33 3.67 4.00 7.00 6.50 6.67
2.67 2.00 2.67 2.50 3.33 2.00 3.67 3.33 3.33 4.00 4.00 5.50 5.67 5.50 4.67 4.50 3.67 4.00 4.00 2.60 3.50 3.40 2.80 2.60 2.33 3.67 3.33 2.33 1.00 6.00 5.00 4.67
4.00 3.50 4.00 4.50 3.00 3.00 2.00 1.67 3.00 2.50 3.67 3.50 2.00 2.50 5.67 5.00 3.33 3.50 3.33 3.40 3.50 3.80 3.75 3.00 2.67 3.67 2.67 3.33 2.00 5.67 6.50 5.67
1.67 1.00 1.00 3.00 3.67 3.50 2.67 2.67 3.67 3.50 5.33 5.50 5.67 6.00 5.33 4.50 4.00 4.00 4.00 2.00 3.25 2.40 2.05 2.00 3.00 2.00 1.67 1.33 1.00 6.67 7.00 5.67
2.33 1.00 1.67 4.50 3.67 5.00 3.00 2.33 3.00 3.50 4.00 4.00 3.67 4.00 3.33 3.50 2.00 2.00 2.00 2.20 1.25 1.40 1.00 1.20 5.67 5.67 4.00 5.67 7.00 6.33 6.00 7.00
4.33 3.00 3.67 5.50 3.67 2.50 4.00 2.00 2.33 2.50 2.00 3.50 3.00 2.50 6.00 5.50 3.67 4.00 4.00 1.40 1.25 2.60 1.75 1.40 2.67 2.00 3.00 2.33 1.00 4.80 3.00 5.33
1.00 1.00 1.00 1.50 1.67 1.00 2.67 2.33 3.33 3.50 4.33 5.50 6.00 6.00 6.00 4.50 4.00 4.00 4.00 3.60 1.75 2.80 2.00 1.60 4.33 4.33 2.00 1.33 1.00 7.00 7.00 7.00
4.33 2.50 3.47 3.50 3.67 4.00 2.33 2.33 2.67 3.00 3.00 2.50 2.67 2.50 5.00 4.50 3.00 2.50 3.33 3.20 3.50 3.00 2.50 2.60 5.00 5.67 4.67 3.33 4.00 5.67 6.00 6.00
1.67 2.00 3.00 2.50 2.33 3.00 3.33 3.67 3.33 3.50 5.00 3.50 4.33 4.00 5.00 4.50 4.00 4.00 4.00 2.80 3.00 2.60 2.25 2.20 6.00 5.00 4.00 2.67 4.00 5.67 6.50 7.00
4.00 4.00 4.67 5.50 4.33 6.00 3.33 3.33 3.67 2.50 3.00 4.00 5.00 4.50 4.67 4.50 3.67 4.00 3.67 2.40 2.50 3.20 3.00 2.40 5.67 4.33 4.67 4.00 3.50 4.67 5.00 4.67
2.67 3.00 2.67 2.50 2.33 2.50 3.00 2.33 2.67 3.00 2.67 1.50 2.67 3.00 4.67 4.50 3.00 3.75 3.67 2.20 2.25 2.80 2.25 2.20 3.33 2.67 2.00 1.33 1.50 7.00 7.00 6.00
1.00 1.00 2.67 1.00 3.00 1.00 3.33 2.33 3.67 3.50 3.67 3.00 3.00 3.00 5.67 6.00 3.33 3.00 3.33 2.40 3.50 2.80 2.25 2.40 5.67 5.00 5.00 1.67 1.00 6.00 5.50 5.33
4.33 4.00 4.67 4.00 4.33 2.00 2.33 2.00 2.33 2.50 1.33 2.50 4.00 4.00 3.33 4.50 3.00 2.75 3.00 3.20 3.00 3.60 2.50 2.60 6.67 7.00 6.00 6.00 2.50 4.33 6.00 5.33
2.00 2.00 2.00 2.00 3.00 1.50 3.00 2.67 3.33 3.50 4.00 4.50 5.00 5.00 5.33 5.00 3.67 4.00 4.00 3.00 2.75 2.40 2.25 2.00 3.33 2.33 1.33 1.00 1.00 6.67 7.00 6.67
1.33 1.00 3.33 1.50 2.00 1.00 2.33 2.00 3.00 3.00 5.67 6.00 6.00 6.00 6.00 6.00 4.00 4.00 4.00 2.80 3.25 3.20 3.00 3.60 3.33 3.00 3.00 1.67 1.00 7.00 6.50 7.00
2.33 2.00 2.67 2.50 2.67 2.50 2.67 3.00 3.33 4.00 4.67 5.00 5.00 5.50 4.33 4.50 3.67 3.25 3.00 3.40 3.00 2.80 2.00 2.40 3.33 2.67 2.33 2.33 2.50 6.33 5.00 5.27
1.00 1.00 1.67 1.00 1.67 1.50 3.00 4.00 3.67 4.00 4.00 5.50 5.33 6.00 6.00 5.00 4.00 4.00 4.00 2.20 2.25 1.60 1.50 1.20 3.00 2.33 1.67 1.00 1.00 7.00 7.00 7.00
3.33 2.50 3.00 3.50 3.00 2.50 2.67 1.67 3.00 2.50 3.33 3.50 4.33 4.00 4.33 4.00 3.67 4.00 4.00 2.80 3.25 2.60 3.00 2.20 5.33 3.67 3.00 1.33 1.00 5.67 6.00 5.67
2.00 2.00 2.67 2.50 2.00 1.00 2.60 3.43 3.17 3.30 4.33 4.00 5.00 4.00 4.67 4.50 3.67 4.00 4.00 2.00 2.75 1.60 1.00 1.40 3.00 2.00 1.67 2.67 3.00 6.67 6.00 6.67
3.00 4.00 4.00 4.50 4.00 5.00 2.67 2.33 3.67 3.00 3.00 3.00 2.67 3.50 3.67 4.00 3.00 2.25 2.33 3.20 3.75 3.00 3.00 2.80 3.67 2.67 3.33 2.33 3.00 6.00 6.50 6.33
2.67 3.50 6.00 5.50 4.93 5.50 2.67 2.00 3.00 2.50 2.67 6.00 5.33 6.00 4.67 5.50 3.00 3.25 3.33 3.60 4.25 3.00 3.00 3.20 7.00 5.00 6.00 3.00 3.00 7.00 5.50 7.00
1.00 1.50 1.33 1.50 2.67 3.00 3.33 2.33 3.00 3.00 4.00 3.50 5.00 6.00 4.67 5.00 3.67 4.00 4.00 2.60 2.25 1.40 2.25 1.60 3.67 2.67 2.00 1.33 1.00 7.00 6.50 6.67
3.67 2.50 2.67 3.50 3.67 3.50 3.00 3.33 3.33 4.00 3.67 5.00 4.00 5.00 5.00 5.50 3.67 3.00 4.00 2.00 2.50 2.40 2.25 1.80 5.33 4.33 3.33 2.67 3.50 4.67 6.00 5.67
3.33 2.50 2.67 3.00 3.67 3.25 3.00 3.00 2.67 3.00 2.33 1.50 1.33 1.50 2.67 2.00 3.67 3.75 3.67 2.20 2.75 2.60 1.50 1.80 3.00 3.67 3.00 1.33 1.00 6.00 6.00 6.33
2.33 1.50 3.00 4.00 3.33 2.00 2.33 2.67 3.33 3.50 2.67 3.00 4.00 4.00 5.33 4.50 3.67 4.00 3.67 2.40 2.50 2.60 2.00 2.20 2.33 2.00 1.67 1.00 1.00 6.33 7.00 7.00
3.00 2.50 3.00 3.00 2.33 2.50 3.67 3.00 3.33 3.00 4.33 5.50 4.00 5.00 5.67 5.50 3.33 3.50 3.33 2.60 2.75 2.40 2.25 2.40 3.33 3.00 2.67 1.00 1.00 6.00 6.00 6.33
1.33 1.00 1.33 1.50 2.00 2.50 3.00 3.00 3.67 4.00 4.67 5.00 6.00 5.00 6.00 5.00 4.00 4.00 4.00 1.60 2.25 2.20 1.25 1.40 1.67 2.00 1.33 1.33 1.00 6.67 6.50 7.00
1.67 2.00 4.67 3.00 4.67 1.00 2.67 3.00 3.33 3.50 3.33 5.00 5.00 5.50 4.00 4.00 3.67 4.00 3.67 2.80 3.50 2.80 1.55 1.50 5.33 3.67 4.33 2.33 1.00 6.33 7.00 7.00
3.00 2.00 3.67 3.00 3.00 3.00 3.00 2.00 2.67 2.50 3.00 4.50 4.67 4.00 4.00 4.00 3.67 3.25 3.67 2.40 2.75 2.80 2.50 2.40 3.67 3.67 4.33 4.33 2.00 6.67 7.00 6.67
1.67 1.00 1.00 1.00 1.00 1.00 3.67 3.33 3.67 4.00 5.67 5.50 5.67 6.00 6.00 5.50 3.67 4.00 4.00 2.40 2.75 2.00 1.00 1.20 2.33 2.67 1.00 1.33 1.00 4.67 6.00 6.00
1.67 1.00 2.67 5.50 4.33 1.50 2.67 3.00 3.33 4.00 6.00 6.00 6.00 6.00 5.33 5.50 3.33 4.00 3.67 2.60 3.50 2.80 2.50 2.60 3.00 3.67 2.33 1.67 1.00 6.67 6.50 6.67
1.67 1.00 3.00 2.50 3.67 1.00 4.00 2.67 3.00 2.50 4.00 6.00 5.67 6.00 4.67 6.00 4.00 4.00 4.00 2.60 3.00 2.40 2.25 2.20 4.33 3.33 1.67 2.33 3.00 6.33 6.50 6.33
1.33 1.00 3.00 2.00 2.00 4.00 3.33 3.00 3.00 4.00 5.33 5.00 4.00 5.00 4.67 5.50 4.00 4.00 4.00 2.60 2.75 3.00 1.50 2.00 3.00 2.33 2.00 3.00 1.00 6.00 6.50 6.67
2.00 1.00 2.47 3.50 3.33 4.50 3.67 2.67 3.67 4.00 5.33 6.00 5.67 5.50 2.67 4.50 3.67 3.00 3.33 3.60 3.00 3.00 2.00 2.00 5.33 5.67 4.00 1.33 2.50 7.00 7.00 6.33
2.00 2.50 3.67 4.00 4.00 3.00 3.00 2.67 3.00 3.50 3.33 4.50 4.33 5.00 3.00 4.00 3.67 3.25 4.00 3.20 2.50 3.40 2.25 3.00 5.33 4.67 4.33 3.33 1.50 5.67 5.50 6.00
3.00 2.00 5.00 4.00 3.67 4.50 2.67 2.00 3.33 2.50 3.33 3.50 4.33 4.50 4.33 4.00 2.33 2.25 2.33 3.00 2.75 2.40 2.50 2.20 7.00 6.67 4.67 1.33 3.00 6.33 5.50 5.33
2.67 2.50 3.33 2.50 2.67 2.50 3.00 3.00 3.00 3.50 3.33 4.00 4.00 5.00 4.67 4.00 3.67 3.75 3.67 2.40 2.75 2.80 2.00 2.20 3.67 2.67 4.33 2.33 2.00 6.67 6.50 6.00
2.00 2.00 3.33 4.50 4.00 2.00 2.77 2.90 3.10 3.65 3.33 4.00 4.67 4.00 4.00 4.00 3.00 3.00 2.67 3.60 3.00 3.60 2.50 3.00 4.33 4.00 2.00 1.00 1.00 6.33 6.50 5.00
3.33 3.50 6.00 6.00 5.67 1.00 1.67 1.33 2.33 2.00 1.00 1.00 1.00 1.00 5.33 5.50 4.00 4.00 4.00 3.40 3.25 2.40 1.00 2.20 4.67 3.67 4.33 3.67 4.00 5.67 5.50 4.67
1.67 1.50 2.33 3.50 2.00 1.50 2.00 1.33 1.33 1.00 4.33 3.00 5.33 5.50 3.67 5.00 4.00 3.50 3.00 2.20 3.00 2.20 1.75 1.80 2.33 1.67 1.67 1.33 1.00 5.33 5.50 5.33
2.00 2.00 2.00 2.50 3.33 2.00 2.67 3.33 3.00 4.00 4.00 4.50 5.00 5.50 4.67 4.50 3.67 3.75 3.33 3.60 3.75 3.20 1.75 2.00 3.00 2.67 2.33 1.33 1.00 5.00 5.00 5.00
2.67 2.50 2.67 1.00 2.00 1.50 4.00 3.00 2.33 3.00 4.00 5.50 5.00 5.00 5.33 4.00 4.00 3.75 3.67 2.40 3.25 3.80 1.75 2.80 2.00 2.33 2.00 1.00 1.00 7.00 7.00 7.00
1.00 2.00 3.00 3.00 2.00 3.00 2.33 2.33 3.00 3.50 4.33 6.00 3.67 5.50 3.00 5.00 3.67 3.75 4.00 2.20 3.25 3.20 2.00 2.60 3.00 2.67 2.33 2.00 3.00 6.67 7.00 6.33
3.67 2.00 3.00 2.00 2.00 3.50 3.33 3.00 3.00 4.00 4.00 5.00 4.00 5.00 5.33 4.50 4.00 4.00 3.33 3.00 2.75 3.20 2.75 1.80 4.00 3.00 3.67 3.00 1.50 6.33 6.00 6.67
3.00 4.00 3.33 3.00 4.00 1.50 3.33 3.33 3.33 3.50 3.33 3.50 4.67 4.00 2.33 2.50 3.33 4.00 3.67 2.20 2.22 2.40 2.50 2.00 3.67 3.33 3.00 1.00 2.00 6.67 7.00 6.67
1.67 2.50 2.33 3.00 2.67 5.00 3.00 3.00 3.67 3.00 3.33 3.50 4.00 3.00 5.67 4.50 3.33 3.25 4.00 2.60 3.75 3.40 2.00 2.80 2.00 3.00 2.33 1.67 2.00 6.00 6.00 3.67
3.00 2.00 2.00 4.50 5.00 3.00 3.33 2.67 3.53 4.00 4.33 4.50 3.00 3.00 4.33 4.00 3.33 3.50 3.00 2.80 2.50 3.00 1.75 3.20 5.67 5.33 4.00 5.33 3.50 6.00 6.50 6.33
3.00 1.50 2.33 2.00 2.00 2.00 2.00 1.00 1.33 1.50 5.33 4.50 5.33 5.00 5.00 5.00 3.67 4.00 3.67 2.20 2.75 2.40 1.75 2.40 2.67 3.67 3.67 2.33 3.00 6.33 6.50 6.67
1.67 3.00 3.00 4.00 4.67 2.50 2.33 2.33 3.33 3.50 3.00 3.50 4.33 4.50 4.00 4.00 3.33 3.50 2.33 3.40 2.75 3.60 2.50 2.80 5.67 5.33 6.00 3.67 2.50 5.33 5.50 4.67
2.00 2.00 2.33 1.50 2.00 4.00 3.00 3.33 3.33 4.00 4.33 3.00 5.33 3.00 4.00 3.00 3.67 3.25 3.67 2.20 3.00 3.20 1.50 2.40 3.33 2.33 2.67 1.00 2.00 6.00 6.50 7.00
1.67 1.50 1.00 1.50 1.00 1.00 2.67 2.00 3.33 3.00 5.33 5.00 5.00 4.50 5.00 5.00 3.67 4.00 3.67 2.80 2.75 2.80 1.50 2.40 2.33 2.33 2.67 2.00 3.50 6.00 6.00 6.67
4.67 2.50 3.00 4.00 4.00 3.50 3.00 3.67 3.00 4.00 4.67 4.50 5.00 5.00 5.33 4.50 3.00 2.75 2.67 3.00 3.00 3.20 1.75 3.00 4.33 4.00 3.33 4.67 1.50 5.33 6.00 6.00
4.00 2.00 5.00 4.50 4.00 3.50 3.00 2.33 2.67 3.50 3.00 3.50 4.33 4.00 3.33 4.00 4.00 4.00 4.00 3.60 3.50 3.00 3.00 2.80 6.33 5.33 5.00 3.67 2.50 5.33 5.50 5.67
2.00 2.00 2.67 2.00 3.67 1.50 3.00 3.67 3.33 4.00 5.00 5.50 5.00 5.00 5.33 5.00 4.00 4.00 4.00 2.20 2.50 1.80 1.75 1.80 3.33 2.67 1.67 1.67 1.50 6.67 7.00 6.67
2.67 3.00 4.00 4.00 3.33 4.00 3.00 2.67 2.67 2.50 2.33 2.50 2.67 2.00 4.33 4.00 3.33 4.00 4.00 1.80 2.25 3.00 2.00 2.40 4.33 4.00 3.67 4.00 3.00 5.00 5.50 5.67
2.00 1.50 2.00 1.50 2.33 1.50 3.33 3.33 3.33 4.00 4.33 5.50 5.67 6.00 5.00 5.00 3.67 3.75 3.67 2.20 2.75 2.60 2.00 2.00 3.00 2.00 1.67 1.67 1.50 6.33 6.50 6.00
2.67 1.00 2.00 1.00 5.67 1.00 3.00 2.33 3.33 3.50 5.00 4.50 4.67 2.50 2.67 5.00 4.00 4.00 4.00 1.00 2.00 2.60 1.00 1.00 4.67 4.67 3.00 1.67 1.00 6.33 6.50 7.00
3.33 1.00 1.00 3.50 2.00 1.00 2.67 2.67 3.33 3.00 4.67 5.50 5.00 5.50 5.67 5.00 3.67 4.00 3.67 3.00 2.50 2.80 1.50 2.20 5.67 6.00 4.67 3.33 2.50 5.47 6.50 6.67
2.67 1.00 1.33 2.50 1.33 2.00 3.67 2.67 3.33 3.50 5.67 6.00 6.00 6.00 5.00 5.00 4.00 4.00 4.00 1.80 2.75 2.80 1.00 2.00 3.00 2.33 1.67 1.67 2.00 6.67 5.50 6.67
3.00 1.50 1.33 3.50 3.33 1.50 3.00 3.00 3.33 3.00 4.00 5.00 5.33 5.00 4.67 4.50 3.67 4.00 3.67 2.60 1.75 1.60 1.75 1.80 3.00 3.00 3.67 1.33 1.00 5.00 5.50 4.67
2.00 1.00 1.00 1.00 1.93 1.00 4.00 3.00 4.00 4.00 6.00 6.00 6.00 6.00 6.00 6.00 4.00 4.00 4.00 1.20 1.00 1.40 1.00 1.20 1.00 2.00 1.33 1.00 1.00 6.33 6.50 7.00
2.00 2.00 3.67 3.50 4.33 1.50 2.67 2.33 2.67 3.00 5.00 5.00 4.67 4.50 5.00 4.50 4.00 3.25 3.33 3.40 3.50 3.40 3.75 1.80 3.33 3.00 2.33 2.67 2.00 5.00 5.00 4.67
2.00 1.00 3.67 4.50 2.33 4.50 3.00 2.00 3.00 4.00 4.67 5.00 5.33 6.00 4.67 4.50 3.67 3.50 3.33 3.40 4.00 3.00 2.80 3.90 4.00 3.67 2.67 2.33 2.50 5.67 5.00 5.33
2.67 3.00 3.00 3.00 5.33 2.50 3.33 2.67 4.00 4.00 2.33 2.00 1.67 4.00 6.00 4.50 4.00 4.00 4.00 2.80 3.25 2.60 2.00 3.20 3.67 3.67 5.33 2.67 1.00 5.67 6.50 6.33
1.00 1.00 2.00 1.00 1.00 1.00 3.00 3.67 2.67 4.00 6.00 6.00 6.00 6.00 5.33 6.00 4.00 4.00 4.00 2.40 2.50 2.20 2.00 1.80 2.00 1.33 1.00 1.00 1.00 7.00 7.00 7.00
3.00 3.00 4.33 5.50 4.67 4.50 2.33 3.00 2.33 2.50 3.00 3.00 4.33 2.50 1.67 2.50 2.33 2.50 1.33 3.40 3.25 3.80 3.75 3.80 5.67 6.00 6.00 5.33 4.00 4.00 5.50 4.00
1.33 1.00 1.67 3.00 3.00 1.50 3.33 3.67 3.67 4.00 5.00 6.00 5.33 6.00 4.67 5.50 3.67 2.50 3.67 2.60 3.00 3.20 2.00 3.00 2.33 2.33 2.00 3.00 1.50 6.33 6.00 4.67
3.33 1.00 2.33 3.00 2.67 2.50 3.00 3.00 3.67 4.00 5.33 6.00 5.67 6.00 6.00 5.00 3.67 3.75 3.67 3.00 3.50 3.00 2.75 2.40 5.67 2.67 1.67 1.33 2.00 6.33 6.50 6.67
2.33 3.00 2.67 4.50 3.00 3.00 3.00 2.67 2.67 3.50 2.67 4.50 5.00 5.00 5.00 4.50 3.67 3.50 3.33 3.40 3.75 2.60 3.00 1.80 4.67 4.33 3.67 4.00 4.00 6.00 5.00 6.67
2.67 1.00 2.00 2.00 2.67 3.00 3.33 3.00 3.67 4.00 5.33 6.00 6.00 6.00 5.33 6.00 3.67 4.00 3.67 2.20 2.75 2.00 1.25 1.40 4.67 4.67 4.00 3.00 1.50 6.33 6.00 6.67
2.33 2.00 3.67 3.00 2.33 2.50 2.93 2.80 3.07 3.30 3.67 4.50 4.33 4.00 2.67 3.50 4.00 3.75 3.33 2.40 3.00 2.80 2.00 2.20 4.00 3.67 2.67 1.00 1.00 5.67 6.00 6.00
4.67 4.00 5.33 4.00 5.67 3.50 2.33 2.00 2.67 3.00 4.67 3.50 3.67 3.00 2.67 3.00 2.67 2.25 2.33 3.80 2.50 3.60 4.00 2.20 5.33 5.33 5.33 6.33 6.50 4.00 6.00 5.00
2.33 2.00 2.33 3.00 3.67 3.50 3.00 3.00 3.00 4.00 3.67 5.00 4.00 5.50 4.67 5.00 4.00 4.00 4.00 2.60 3.00 2.20 2.00 2.00 3.33 2.33 2.33 1.67 1.00 7.00 7.00 7.00
3.33 3.50 4.33 3.50 5.00 4.00 3.00 2.33 3.33 3.50 4.00 4.00 2.67 3.50 4.00 5.00 3.67 3.25 3.33 2.40 3.00 2.60 1.50 2.00 5.33 3.67 4.33 1.33 1.00 6.67 7.00 7.00
4.33 4.50 4.00 3.00 3.67 3.00 1.67 1.67 2.33 2.00 1.67 1.50 1.00 1.00 2.67 2.50 3.33 3.00 3.00 3.80 3.75 3.20 3.00 3.20 6.00 6.00 5.00 5.33 5.50 4.33 3.50 4.00
3.00 1.50 2.33 1.00 1.00 1.50 3.33 2.67 3.33 3.50 5.33 5.50 5.33 4.50 5.00 4.00 3.67 3.25 3.33 1.60 2.50 2.60 2.50 2.20 3.67 3.33 1.67 3.00 1.00 6.67 7.00 7.00
2.33 1.50 2.00 2.00 2.67 3.00 3.33 3.00 2.33 3.50 4.00 3.50 3.67 4.00 4.67 4.50 3.33 3.50 3.00 2.20 4.00 2.00 1.25 2.00 3.00 2.67 2.33 1.00 1.00 6.67 6.00 6.67
2.00 2.50 3.67 5.00 2.67 2.00 2.67 3.67 3.67 3.00 3.33 3.50 4.67 4.50 4.67 4.00 4.00 4.00 4.00 3.60 3.25 2.40 2.30 2.20 2.33 3.00 1.67 2.00 1.00 6.00 6.00 6.00
2.00 2.00 3.67 4.50 3.00 3.50 3.00 3.33 3.33 3.50 3.33 5.00 5.00 4.50 3.33 2.50 3.67 4.00 4.00 3.00 3.47 2.40 2.75 3.20 2.00 2.00 1.33 2.00 1.50 6.33 6.50 6.00
1.33 1.00 2.33 1.00 2.33 1.00 4.00 3.33 2.00 2.50 6.00 3.50 5.33 5.00 6.00 6.00 4.00 3.50 3.33 2.00 3.50 3.20 1.75 2.40 2.67 2.33 1.33 1.00 1.00 7.00 7.00 7.00
2.00 1.50 2.67 2.50 1.67 2.50 3.33 2.67 3.00 3.50 4.00 4.50 4.67 4.50 4.33 4.00 3.67 4.00 3.00 3.00 3.50 3.20 2.25 1.80 2.00 1.67 1.33 1.00 1.00 6.33 6.00 7.00
2.00 2.00 3.67 4.00 3.67 2.50 3.67 2.67 3.00 4.00 4.67 5.00 5.33 5.00 5.00 5.00 3.33 3.50 3.33 2.60 3.00 2.80 1.50 1.80 2.00 2.00 1.67 2.00 1.00 5.67 6.50 6.67
1.67 1.50 1.67 3.50 3.00 2.50 3.67 2.67 3.00 4.00 3.33 2.00 3.67 2.50 4.67 2.50 3.67 3.50 3.33 2.40 2.25 1.40 2.25 1.40 4.67 3.67 3.67 2.67 1.00 5.67 5.50 7.00
4.67 3.50 5.00 5.00 6.00 4.50 2.33 2.00 3.00 3.50 3.00 2.00 3.33 3.00 4.00 4.50 3.67 3.25 3.33 2.40 3.50 3.40 2.50 2.60 4.00 2.67 3.33 2.67 3.50 6.33 6.50 6.00
1.67 3.50 2.67 2.00 1.67 3.50 3.33 3.00 2.67 4.00 5.00 5.50 5.67 6.00 5.33 6.00 4.00 3.75 4.00 2.20 3.25 2.80 2.00 2.00 2.33 1.67 1.67 1.67 1.00 6.67 6.50 6.33
2.33 1.00 2.33 1.00 2.00 1.00 2.33 3.00 3.00 4.00 3.67 5.00 6.00 6.00 4.00 5.00 3.00 3.50 3.67 1.80 2.50 2.60 2.00 1.60 2.33 1.33 1.00 1.00 1.50 6.00 5.00 5.67
3.33 3.50 4.33 5.00 3.67 4.00 2.33 2.33 2.67 2.50 2.00 3.50 2.00 3.50 4.00 4.50 3.00 3.00 3.67 3.80 3.50 3.60 2.50 3.60 3.67 4.00 3.00 3.67 1.00 6.33 6.00 6.67
1.33 1.00 2.67 5.00 3.00 2.00 3.33 3.00 3.00 4.00 5.33 6.00 6.00 6.00 5.67 6.00 4.00 4.00 4.00 3.00 3.50 2.80 2.00 1.60 3.33 3.00 2.67 1.00 1.00 6.67 7.00 5.67
1.00 1.00 2.67 3.00 1.00 1.50 3.33 3.67 3.67 3.50 4.00 4.50 4.00 5.00 6.00 6.00 4.00 4.00 4.00 2.40 2.75 2.20 2.25 1.80 1.67 2.00 1.67 2.00 1.50 6.33 6.50 6.67
3.00 2.00 3.33 3.50 2.33 3.00 3.00 1.67 2.33 3.00 5.00 5.00 5.67 6.00 5.33 6.00 3.67 3.50 3.67 2.80 2.50 2.60 2.00 2.20 2.67 2.67 2.67 2.67 2.50 6.67 7.00 6.67
2.67 1.50 2.33 1.50 2.00 2.00 3.33 3.33 4.00 4.00 5.67 6.00 5.67 6.00 6.00 6.00 4.00 3.75 3.67 3.00 3.25 2.80 3.50 3.40 2.00 2.00 1.33 1.00 1.50 6.67 7.00 7.00
2.67 1.00 5.67 2.00 4.67 6.00 3.67 3.67 3.33 3.50 2.33 2.50 2.67 1.50 3.33 4.00 4.00 4.00 4.00 3.80 3.25 2.40 2.50 1.80 6.00 2.80 3.33 1.47 2.00 5.00 6.50 5.33
1.67 1.50 3.33 2.50 2.33 1.00 3.67 3.00 3.67 4.00 5.33 5.00 5.00 5.00 5.67 4.50 4.00 4.00 3.00 1.40 2.00 3.00 2.00 1.40 3.67 4.00 2.67 1.33 1.00 6.00 5.50 6.00
1.33 4.00 1.33 1.00 1.67 1.00 3.00 3.00 4.00 4.00 5.00 3.50 5.00 5.50 4.33 5.00 4.00 4.00 3.67 3.00 2.25 2.80 1.75 2.00 3.67 3.33 2.33 3.00 1.50 7.00 7.00 6.67
3.00 2.00 2.33 3.00 3.00 2.00 3.00 1.33 3.00 1.50 4.33 3.50 4.33 4.50 4.33 4.50 3.67 4.00 4.00 3.60 3.00 2.60 2.75 2.80 2.67 2.67 2.33 3.00 1.00 6.00 5.50 6.00
2.00 2.00 2.33 3.00 2.67 3.00 2.67 2.67 3.00 3.50 4.00 5.00 5.00 5.00 5.00 5.00 3.33 3.50 3.00 2.80 3.00 3.00 2.25 2.40 3.33 3.67 3.33 3.33 2.00 5.67 4.50 6.00
3.67 4.00 3.33 4.50 4.33 2.00 2.33 2.00 2.33 2.50 2.33 2.50 3.33 3.50 4.33 4.50 2.67 2.50 2.33 3.80 3.25 3.60 3.00 3.40 5.67 5.67 6.33 3.67 3.50 5.67 6.50 5.67
2.00 1.00 3.33 3.00 1.67 1.75 3.00 2.33 3.67 4.00 4.33 5.20 6.00 6.00 6.00 6.00 4.00 4.00 4.00 1.62 2.60 2.80 1.00 2.20 2.00 1.67 2.67 1.67 1.00 5.33 6.50 6.33
1.67 1.00 2.40 3.00 1.67 5.50 2.67 3.00 3.00 3.00 4.33 5.50 5.67 5.50 5.67 5.00 3.67 4.00 3.67 2.60 2.50 3.00 1.75 2.00 4.33 2.67 2.67 2.00 1.00 6.33 6.50 5.67
3.33 3.50 4.67 4.50 2.33 3.50 3.67 3.67 3.00 3.50 1.67 1.50 2.00 1.50 3.00 2.00 2.67 2.00 2.33 2.60 3.00 3.00 2.75 2.20 3.67 4.33 3.33 2.67 3.50 5.00 5.50 5.00
2.67 1.50 1.67 3.50 3.33 2.50 3.33 3.33 4.00 3.50 2.67 3.00 4.67 3.50 3.67 3.50 4.00 3.75 4.00 2.80 3.00 3.00 2.75 2.20 3.67 3.33 2.33 1.33 2.00 6.67 7.00 5.67
3.33 4.50 3.33 4.50 4.33 3.50 4.00 3.33 3.67 4.00 5.00 5.00 4.33 4.50 4.67 5.00 3.67 4.00 3.33 3.20 3.25 2.40 1.75 2.80 5.00 3.67 5.00 1.67 1.50 6.00 5.50 5.33
1.33 1.00 1.67 1.00 1.67 1.00 3.67 2.67 3.33 4.00 4.33 6.00 6.00 6.00 6.00 4.00 4.00 4.00 4.00 3.00 3.25 3.00 1.50 2.60 2.33 3.00 2.33 1.00 1.00 6.13 4.50 6.33
3.67 3.00 4.67 5.50 4.67 4.00 3.67 2.67 3.33 4.00 4.00 5.00 2.67 3.50 3.67 5.00 2.67 2.75 2.67 2.80 2.50 2.20 1.50 2.00 5.33 5.00 4.67 2.67 2.50 5.00 5.00 5.00
1.00 1.00 1.33 2.00 2.33 1.50 3.33 3.67 4.00 4.00 4.67 6.00 6.00 5.50 5.67 6.00 4.00 4.00 4.00 2.60 3.00 2.00 2.50 2.00 3.33 3.00 3.33 1.33 3.00 6.00 5.50 5.67
2.33 2.00 2.67 4.00 3.67 4.00 2.67 3.33 3.00 3.50 4.00 3.50 5.33 5.00 5.00 4.50 3.67 3.00 4.00 3.60 3.50 3.60 2.75 3.20 4.00 2.33 2.67 1.33 1.00 6.00 6.00 6.67
3.67 4.50 3.67 3.50 3.67 3.00 2.67 3.00 3.00 4.00 4.00 1.00 1.00 2.50 5.00 5.00 3.00 3.00 3.33 2.00 3.50 2.40 2.50 1.20 3.67 4.33 4.67 3.67 4.50 5.67 5.50 6.00
1.00 1.50 4.33 3.50 4.67 1.50 2.67 2.67 3.33 3.50 4.33 5.50 4.00 5.50 5.67 5.50 3.67 3.25 3.33 2.40 4.25 3.00 2.25 2.60 4.67 2.67 2.33 1.67 1.50 6.33 6.50 6.00
1.33 1.00 3.67 3.00 3.33 1.50 3.67 2.33 2.33 2.15 2.00 5.00 3.67 4.00 6.00 6.00 4.00 4.00 3.67 2.80 2.75 2.40 2.50 1.60 3.00 4.67 2.67 1.33 1.00 5.67 6.50 6.00
2.67 1.50 3.33 4.50 3.67 1.50 3.00 3.33 2.67 2.00 5.33 4.00 4.33 3.50 5.67 5.50 4.00 4.00 3.67 3.40 3.50 3.40 2.75 3.00 2.67 2.67 1.33 3.00 2.50 6.00 6.50 5.00
3.00 3.00 3.00 5.00 5.00 3.00 1.33 1.67 2.33 1.00 2.33 3.00 4.00 3.00 5.00 5.00 3.33 3.75 3.67 2.80 3.00 3.40 2.00 2.60 4.67 4.00 3.67 1.33 1.50 6.67 7.00 7.00
2.67 2.50 4.67 4.00 5.33 3.50 2.67 2.33 2.67 2.50 4.33 5.50 5.67 6.00 2.33 3.50 2.33 2.75 3.00 2.60 2.00 2.80 3.75 2.20 6.67 6.67 6.33 5.00 4.00 4.67 6.00 5.00
1.00 1.00 2.00 1.00 2.67 1.00 2.67 2.67 3.33 2.00 4.33 6.00 6.00 6.00 6.00 6.00 4.00 4.00 4.00 1.40 2.50 1.80 1.25 1.00 4.67 3.67 3.00 5.00 4.00 7.00 7.00 7.00
2.33 1.00 1.00 3.00 1.00 1.00 3.00 3.00 4.00 4.00 5.00 6.00 6.00 6.00 6.00 6.00 4.00 4.00 4.00 1.80 2.00 1.80 2.00 1.00 1.67 1.67 1.67 1.00 1.00 7.00 6.50 7.00
2.00 2.00 2.67 2.00 1.67 2.00 3.33 2.67 3.00 3.50 4.00 5.50 4.00 5.00 3.67 5.00 4.00 4.00 4.00 2.40 3.00 2.40 2.00 2.00 2.67 3.00 4.00 2.47 3.00 6.67 6.50 7.00
1.33 1.50 1.00 2.50 2.67 2.00 3.67 2.33 2.67 2.00 4.67 5.00 5.00 5.00 5.00 5.50 3.67 4.00 4.00 2.60 2.50 2.00 1.50 1.20 4.67 3.67 2.00 1.00 1.50 6.00 6.50 6.33
2.33 2.00 3.33 1.50 3.00 2.00 3.67 3.20 2.97 3.15 4.67 5.00 3.00 3.50 4.67 5.00 3.67 3.25 3.00 2.60 3.00 3.20 2.50 2.60 2.33 3.33 1.33 2.00 1.50 6.33 6.00 5.33
2.33 2.00 2.33 1.50 4.00 1.00 3.67 3.00 4.00 4.00 4.67 6.00 5.33 6.00 6.00 6.00 3.67 4.00 3.67 2.40 1.25 2.40 1.50 1.80 3.33 4.00 3.33 1.67 1.00 5.67 6.00 5.67
1.67 1.50 3.67 3.00 1.67 1.50 3.67 3.33 3.00 3.00 4.33 6.00 5.67 6.00 5.00 5.00 4.00 4.00 4.00 3.00 2.50 2.20 1.50 1.60 3.33 2.00 1.67 2.67 2.00 6.67 6.50 6.33
4.67 3.50 4.00 5.50 4.67 6.00 2.00 2.33 2.67 4.00 2.33 3.00 3.33 3.00 4.00 4.00 3.47 2.75 3.00 3.20 3.75 3.20 3.00 3.40 4.00 3.00 3.67 2.67 1.50 5.00 6.50 6.00
2.33 1.50 3.33 2.00 3.33 2.50 2.33 2.67 3.33 3.50 5.00 5.50 4.47 6.00 4.33 4.50 4.00 3.25 4.00 3.00 2.50 2.60 3.75 2.00 6.67 5.67 6.00 3.67 4.00 5.33 6.00 6.67
2.33 1.00 2.67 2.00 3.67 1.50 3.67 2.67 3.33 2.50 4.67 5.00 5.00 5.00 4.67 4.50 3.67 3.75 3.33 2.60 3.25 2.20 1.75 1.80 3.00 2.33 2.67 2.33 1.00 6.33 6.00 6.67
2.33 2.50 3.33 2.00 1.67 2.00 2.67 2.67 3.33 3.00 4.33 4.50 4.33 5.00 4.00 4.00 3.33 3.75 4.00 2.20 3.50 2.20 1.25 2.40 3.33 2.33 2.33 1.67 1.00 5.67 5.00 6.00
1.00 1.00 2.33 1.50 1.67 1.00 3.00 3.00 3.33 4.00 5.33 5.00 3.67 4.50 5.33 5.00 4.00 3.75 3.67 1.80 2.75 2.00 1.75 1.60 3.00 2.67 2.33 3.00 1.00 5.67 6.00 6.00
2.00 4.50 5.00 6.00 5.33 5.00 1.67 1.00 1.33 1.00 1.00 1.50 1.33 1.00 2.00 1.50 4.00 4.00 4.00 3.40 3.00 2.80 2.25 2.80 4.33 5.67 4.33 3.33 3.00 5.67 7.00 6.33
1.00 2.50 4.00 6.00 4.33 4.50 3.00 3.33 4.00 3.00 3.67 6.00 4.33 6.00 2.00 4.00 4.00 4.00 4.00 2.80 2.25 3.00 3.25 1.60 6.00 4.00 5.00 1.00 2.50 6.00 7.00 6.67
2.33 2.00 1.33 2.00 2.33 2.00 3.33 2.33 2.33 1.50 3.67 5.00 4.67 4.50 3.67 3.00 3.67 3.00 3.33 3.40 3.50 3.20 3.50 3.20 4.00 2.67 4.33 1.67 2.00 6.00 5.50 5.00
2.00 1.50 1.00 2.00 1.33 1.50 3.67 3.33 3.33 4.00 4.87 6.00 5.67 6.00 5.33 5.50 4.00 4.00 4.00 2.82 3.00 2.20 1.25 2.00 1.67 2.33 2.00 1.67 1.00 6.67 6.00 6.33
1.00 2.00 2.33 3.50 4.67 3.50 2.67 1.33 3.00 3.00 3.00 5.00 5.67 6.00 5.67 6.00 3.33 2.75 3.00 2.80 4.25 3.20 1.50 3.40 4.00 4.00 4.67 1.00 1.00 6.67 7.00 7.00
2.67 2.50 4.67 4.00 4.33 5.00 2.67 2.67 3.33 3.50 3.67 4.50 5.00 5.00 4.33 4.50 3.33 2.25 3.00 3.60 4.25 4.00 3.50 3.40 4.33 3.33 4.33 2.67 2.00 6.00 5.50 5.33
3.73 2.00 2.03 3.00 3.33 4.50 3.67 3.00 2.67 4.00 3.00 4.00 3.33 4.50 5.00 5.00 3.67 3.75 3.67 2.80 3.25 3.60 3.75 3.00 3.67 3.00 3.33 2.00 2.00 6.67 6.50 6.00
1.00 1.00 2.67 2.00 4.33 1.00 3.00 3.00 3.33 4.00 5.67 4.00 6.00 4.00 6.00 4.50 4.00 4.00 4.00 3.00 3.50 3.60 1.25 3.20 3.33 2.33 1.00 1.33 1.00 7.00 7.00 6.33
4.00 4.00 3.13 4.50 5.67 3.75 1.67 1.33 1.67 1.50 2.00 2.50 3.67 4.00 4.00 4.00 4.00 4.00 4.00 3.60 3.75 2.80 3.00 3.20 5.00 4.67 6.33 3.00 4.00 5.33 4.50 6.33
5.00 3.50 4.00 6.00 4.67 2.00 3.00 2.00 3.00 4.00 2.00 2.50 2.00 3.00 5.33 5.00 3.67 3.25 2.67 3.20 2.50 3.20 3.25 3.80 4.00 4.33 4.00 3.00 3.00 4.67 6.00 4.67
2.00 1.50 3.67 3.00 3.37 2.00 3.33 1.67 3.00 2.00 4.33 5.00 5.00 5.00 3.67 4.00 3.67 3.50 3.33 4.40 3.75 3.60 3.00 2.80 4.67 3.67 4.00 3.33 2.50 6.33 6.50 6.00
3.33 1.00 2.00 1.00 2.33 2.00 3.67 3.33 3.33 4.00 4.67 5.00 5.67 5.00 5.33 5.00 3.33 3.75 3.00 3.00 3.25 1.80 1.50 2.40 4.67 3.33 4.00 2.33 2.50 5.33 5.00 5.33
1.67 1.50 4.33 4.00 4.00 3.50 4.00 3.33 3.00 4.00 4.33 5.00 4.00 5.00 4.00 5.00 4.00 4.00 4.00 3.40 3.00 3.00 1.50 2.40 3.67 3.00 2.00 2.33 1.00 6.33 7.00 6.67
5.00 1.00 3.00 4.00 1.67 2.00 3.33 2.67 3.33 4.00 4.33 4.00 6.00 5.50 5.33 4.50 3.33 4.00 3.67 3.00 2.50 1.80 2.50 2.46 3.67 2.00 2.00 1.33 1.00 6.67 7.00 6.67
3.00 1.50 3.33 3.50 2.67 2.00 4.00 3.33 3.00 4.00 4.33 5.00 4.00 3.50 6.00 3.50 4.00 4.00 4.00 3.40 3.00 3.60 1.75 2.20 3.33 3.33 3.33 2.33 2.00 6.67 5.50 7.00
1.67 1.50 1.33 1.00 1.33 1.00 3.00 2.67 2.67 3.50 4.67 4.50 4.33 4.50 4.67 4.00 3.33 3.75 3.67 3.80 2.50 2.20 2.50 1.80 2.33 1.67 3.33 2.00 1.00 5.00 6.00 3.33
3.00 1.00 3.67 4.00 4.67 3.50 3.00 1.33 2.67 1.50 5.67 4.00 6.00 5.00 4.67 5.50 4.00 4.00 4.00 3.60 2.75 3.20 1.75 1.80 3.33 2.67 2.67 1.67 1.00 6.33 6.50 7.00
2.33 1.00 3.67 4.00 5.33 2.25 3.33 3.00 3.67 4.00 5.33 5.50 6.00 5.50 2.00 3.50 1.67 2.00 2.00 2.40 2.97 2.80 1.75 3.00 4.00 4.33 4.33 1.67 1.50 6.67 7.00 6.33
2.33 2.00 3.33 2.00 3.00 1.00 3.00 4.00 2.67 4.00 2.67 4.50 2.67 3.00 4.33 4.00 3.67 4.00 3.33 2.20 2.50 2.80 1.25 1.60 1.33 1.33 1.67 1.33 1.50 5.67 6.50 6.67
1.00 1.50 2.33 3.00 2.67 1.00 4.00 3.00 3.33 3.50 5.00 5.50 4.33 5.00 5.67 5.50 4.00 4.00 4.00 3.20 3.00 2.60 3.00 2.60 3.33 2.33 2.33 1.00 1.00 7.00 7.00 7.00
3.00 2.50 3.67 2.00 2.67 2.00 4.00 3.00 3.33 4.00 2.33 2.50 4.33 4.00 3.33 2.50 2.67 2.75 2.67 3.40 2.75 3.20 2.75 3.00 3.67 3.67 3.00 1.00 2.00 5.00 4.50 5.00
5.67 5.50 4.67 6.00 5.00 4.50 3.00 2.00 3.00 2.50 3.33 1.00 1.00 1.00 3.93 2.50 3.00 2.75 2.33 3.60 4.35 3.80 2.00 2.00 7.00 6.00 5.33 6.00 5.50 6.33 5.50 6.00
1.67 1.50 4.33 5.50 2.67 2.00 2.67 2.67 2.67 4.00 5.67 6.00 6.00 6.00 5.67 5.50 3.67 3.75 3.33 4.00 3.50 2.60 1.50 2.00 3.33 3.33 3.00 4.00 4.00 7.00 6.00 6.67
2.00 1.50 1.67 1.50 1.67 1.50 3.67 2.33 2.67 3.50 4.00 5.50 6.00 5.50 5.00 5.00 4.00 3.25 3.67 2.20 3.75 3.00 2.25 2.00 1.67 2.33 2.33 1.00 1.00 6.33 6.00 6.67
2.33 1.50 2.00 2.50 2.00 1.50 3.67 2.33 2.67 4.00 3.67 5.50 5.67 6.00 5.00 3.50 3.67 4.00 4.00 3.60 3.25 3.00 3.00 3.60 1.33 2.00 1.67 1.33 1.50 6.00 4.00 5.33
1.33 1.00 3.33 2.00 2.67 1.50 4.00 2.67 3.33 2.00 5.67 5.50 6.00 6.00 6.00 6.00 4.00 4.00 4.00 2.20 3.00 2.00 2.25 2.00 2.00 1.67 1.67 2.00 1.00 6.67 6.00 6.33
2.67 2.50 4.00 4.00 4.00 4.00 2.00 2.33 2.67 2.50 3.33 3.50 4.33 4.00 3.67 4.00 3.33 3.75 3.00 3.40 3.75 2.40 2.75 2.60 5.33 6.00 5.67 3.67 4.50 5.00 5.50 4.67
1.00 1.00 1.33 1.00 2.00 1.50 3.00 3.00 3.67 3.00 4.00 5.50 6.00 6.00 6.00 6.00 4.00 3.75 4.00 2.80 3.25 2.80 2.00 1.60 5.00 4.33 3.67 3.67 3.00 6.67 6.50 6.00
2.33 1.00 2.00 1.00 1.00 1.00 4.00 3.33 3.00 4.00 5.67 5.50 5.67 5.50 6.00 6.00 4.00 4.00 3.67 2.60 2.75 3.40 2.25 2.60 1.33 1.33 1.67 1.00 1.00 6.33 7.00 5.33
2.00 1.50 4.33 5.00 3.33 3.00 3.00 3.33 2.67 1.50 4.33 4.00 4.67 4.50 5.00 4.50 4.00 4.00 4.00 2.80 3.25 3.20 3.50 3.80 2.67 2.33 3.00 3.67 1.00 7.00 6.50 5.00
2.33 2.00 1.67 2.00 2.67 1.50 2.70 2.67 3.00 3.00 4.33 5.00 5.00 5.00 5.00 5.00 3.00 3.75 3.33 2.60 2.00 2.20 1.50 1.80 3.00 3.00 2.67 1.00 1.00 6.33 6.50 6.67
1.67 2.00 4.33 4.00 3.33 2.00 3.00 2.33 4.00 3.50 3.67 4.50 5.00 4.00 4.00 4.00 3.33 3.00 3.00 4.00 2.75 3.60 2.50 2.40 3.33 2.67 2.67 1.00 1.00 6.67 6.00 6.67
2.67 2.00 2.67 3.50 4.00 5.00 2.67 2.67 2.67 4.00 3.33 3.50 3.33 2.50 3.33 3.50 3.67 2.25 2.33 4.40 4.25 3.20 2.75 3.60 4.00 2.67 3.67 2.67 2.50 5.33 4.50 6.33
1.67 2.00 5.33 3.50 5.33 1.50 2.33 2.00 3.33 1.50 2.67 4.50 4.00 3.50 5.33 4.00 2.33 2.50 2.00 3.00 3.25 3.00 2.25 2.00 4.00 3.67 5.67 3.67 1.00 3.67 6.50 4.67
1.67 1.00 1.33 2.50 2.67 1.00 3.13 2.83 3.10 3.65 4.33 5.50 6.00 5.50 6.00 5.50 3.67 4.00 3.67 2.60 2.00 3.20 1.50 1.60 4.33 3.00 3.00 1.33 1.00 5.33 6.00 5.67
1.67 1.00 2.00 2.00 2.33 1.00 3.67 3.00 3.00 4.00 3.67 5.00 5.67 5.00 3.67 4.75 4.00 4.00 4.00 2.60 2.75 1.60 1.25 2.20 5.33 5.33 3.67 4.00 3.50 4.87 3.00 4.00
2.67 1.00 1.33 2.50 1.33 1.00 3.67 3.67 3.67 4.00 5.00 3.50 5.00 5.00 4.67 4.50 4.00 2.75 4.00 2.20 2.25 2.20 1.75 1.00 2.33 3.33 2.00 1.33 1.00 6.33 6.50 7.00
1.00 1.00 1.67 2.50 4.33 2.50 3.33 3.00 3.00 3.50 5.00 5.50 6.00 6.00 6.00 6.00 4.00 3.75 3.67 2.40 2.50 2.20 2.00 2.60 3.33 3.67 2.67 1.33 1.00 6.33 6.50 6.33
2.00 1.50 1.67 3.50 2.33 1.50 3.00 2.67 3.67 4.00 4.00 5.00 6.00 6.00 5.67 5.50 3.33 4.00 3.67 2.80 3.00 3.40 1.75 2.20 2.67 4.00 3.33 2.00 1.00 6.33 5.00 4.00
2.33 1.50 2.00 2.00 1.67 1.50 3.33 3.33 3.00 2.50 4.67 5.00 5.00 5.00 5.00 4.50 3.67 4.00 3.67 3.00 3.00 2.60 2.50 2.40 1.67 1.33 1.67 1.00 1.00 6.33 6.50 7.00
3.00 2.50 2.67 3.50 2.67 3.00 3.67 2.67 3.67 3.50 4.67 4.50 4.67 5.50 4.67 4.50 3.00 3.75 3.67 3.02 3.50 2.80 2.75 3.20 2.67 2.67 2.33 2.33 2.00 4.33 4.00 4.00
2.33 2.00 2.00 2.50 3.67 2.00 3.00 2.67 3.33 3.50 3.67 5.50 5.33 5.50 6.00 6.00 4.00 4.00 3.67 3.60 2.75 2.80 1.75 2.20 4.00 4.00 4.33 1.00 1.00 6.67 6.50 7.00
1.67 1.00 2.33 3.00 3.33 3.00 3.00 2.67 3.00 4.00 4.00 6.00 5.67 6.00 5.33 5.00 4.00 4.00 3.67 2.60 3.25 3.40 2.25 3.20 5.67 4.00 4.00 1.00 1.50 6.33 6.50 6.33
1.33 1.00 2.33 1.00 2.00 1.00 2.67 2.67 3.00 3.50 5.33 5.00 6.00 6.00 5.33 5.00 3.67 4.00 4.00 2.00 3.00 1.60 1.50 1.40 2.33 2.33 2.67 2.00 2.00 6.67 6.00 6.00
2.00 3.50 4.33 5.50 4.67 2.50 1.67 2.33 2.33 3.50 3.33 3.50 3.00 4.50 6.00 5.00 3.67 3.50 3.67 3.40 2.25 3.80 2.00 2.80 4.67 4.33 4.00 4.67 2.00 6.67 6.50 6.33
4.00 1.00 3.33 2.50 3.33 1.00 3.67 3.00 3.67 3.50 4.33 6.00 5.67 5.50 4.67 5.00 3.67 3.00 3.67 2.40 3.50 3.00 1.75 2.40 4.67 3.00 2.33 2.33 1.50 6.33 7.00 7.00
1.67 1.00 1.00 1.00 1.00 1.00 3.00 3.00 3.67 4.00 6.00 6.00 6.00 6.00 6.00 6.00 4.00 4.00 4.00 1.60 2.25 2.60 2.00 1.80 3.00 2.00 1.67 1.00 1.50 6.67 4.00 6.33
2.67 4.50 4.33 4.50 3.00 1.50 3.33 2.00 3.00 4.00 4.67 5.00 4.00 3.50 3.67 4.50 3.67 4.00 3.67 2.80 3.10 3.32 1.75 1.80 4.67 5.00 5.67 3.33 1.50 3.67 4.00 3.67
1.33 1.00 3.00 3.00 4.00 2.00 3.33 3.67 4.00 3.00 4.00 4.50 2.33 3.50 6.00 5.50 3.67 4.00 3.67 2.60 2.50 2.40 2.00 2.60 3.67 3.67 3.00 1.00 1.00 6.67 7.00 7.00
2.33 2.00 4.00 4.00 4.67 3.00 3.00 2.67 3.67 3.50 2.33 3.50 1.67 2.00 5.00 5.50 4.00 4.00 3.67 3.00 2.25 2.80 1.75 3.00 5.00 4.67 6.00 2.00 2.50 5.33 6.00 6.33
4.00 1.50 3.67 5.50 2.67 2.00 2.33 2.33 2.67 3.00 3.67 5.00 5.00 5.00 4.67 4.50 4.00 4.00 3.67 2.60 2.75 3.20 2.50 2.80 3.33 3.67 2.67 2.00 1.50 4.67 5.50 5.00
1.67 1.00 3.00 1.50 3.00 1.00 4.00 3.33 3.00 2.50 4.67 5.50 5.67 6.00 6.00 5.50 3.00 3.75 4.00 3.00 2.75 3.80 2.75 4.00 2.33 2.00 1.33 1.00 1.50 7.00 7.00 7.00
1.00 1.00 2.67 3.50 2.33 1.50 3.00 3.33 2.67 3.00 5.00 6.00 3.33 4.50 5.33 4.00 4.00 4.00 4.00 2.40 2.50 2.20 2.25 1.40 1.33 1.67 1.00 1.00 1.00 6.00 7.00 7.00
1.67 1.00 1.00 1.50 2.00 1.00 3.33 2.67 3.00 3.50 5.00 5.50 5.33 5.50 5.33 5.50 4.00 3.75 3.67 1.80 2.50 2.60 1.50 2.40 4.00 4.00 4.00 2.33 2.00 6.33 6.00 6.00
1.00 1.00 1.00 1.50 1.00 1.00 4.00 3.00 4.00 4.00 4.33 5.50 6.00 5.50 6.00 5.50 4.00 3.75 3.67 2.80 2.75 3.00 2.05 2.00 1.67 2.33 1.67 1.33 1.00 7.00 7.00 5.33
1.67 1.50 2.67 1.00 1.00 1.00 4.00 3.00 3.33 4.00 4.33 3.50 5.00 5.50 6.00 6.00 3.67 4.00 3.67 2.20 2.75 2.40 1.25 2.00 2.33 1.67 1.67 1.00 1.50 6.00 5.50 6.67
1.33 1.00 1.67 1.00 1.67 1.00 3.00 2.00 2.00 4.00 5.00 6.00 5.67 6.00 5.00 6.00 4.00 4.00 4.00 1.80 2.50 2.60 1.75 1.60 3.00 1.67 1.00 2.00 1.00 6.33 6.50 6.67
2.33 2.50 3.00 3.50 4.00 2.50 3.33 3.33 3.33 4.00 2.67 2.50 2.67 3.00 4.33 4.50 2.67 1.75 1.67 3.00 3.50 3.40 2.50 2.60 4.00 4.33 3.00 1.33 1.00 5.67 6.00 5.33
1.00 1.00 1.33 3.50 2.67 1.50 3.33 2.67 3.00 4.00 4.67 6.00 6.00 6.00 6.00 6.00 3.67 4.00 4.00 3.34 3.25 3.32 1.92 2.82 1.67 2.33 1.00 1.33 1.50 7.00 6.50 7.00
1.33 2.00 4.67 4.00 3.67 3.00 2.33 3.33 2.67 2.00 4.00 3.00 2.67 3.50 6.00 4.50 4.00 4.00 3.67 3.80 4.25 4.00 2.75 3.00 4.33 4.33 5.67 3.00 4.00 2.33 3.00 5.67
2.00 1.00 2.33 1.00 1.67 1.00 2.67 3.00 3.33 3.50 3.67 5.50 4.00 4.00 4.00 4.00 4.00 4.00 4.00 3.40 3.22 2.40 2.50 2.80 3.67 2.00 2.33 1.33 1.00 5.67 5.50 6.67
3.33 1.50 4.00 2.50 3.67 4.00 3.70 2.27 2.87 3.65 1.33 4.50 4.00 3.00 3.00 3.50 3.67 4.00 4.00 3.40 3.50 4.20 3.75 3.00 3.67 2.67 2.33 2.67 3.00 5.33 5.50 3.67
2.33 1.50 2.67 1.50 1.00 1.00 3.67 3.00 3.33 3.00 5.67 5.00 6.00 5.50 6.00 4.50 4.00 4.00 4.00 2.80 3.50 2.80 1.75 2.00 1.67 1.33 1.33 1.33 1.00 7.00 7.00 7.00
1.00 1.00 2.00 2.00 2.00 1.50 4.00 3.67 3.00 3.50 5.00 5.50 6.00 6.00 6.00 6.00 4.00 4.00 3.33 2.20 3.00 2.40 2.00 1.80 3.00 2.33 2.33 2.00 1.50 7.00 7.00 7.00
1.33 1.00 1.00 1.00 2.67 1.00 3.33 3.67 4.00 4.00 5.00 6.00 6.00 6.00 6.00 5.00 4.00 4.00 4.00 2.00 2.25 1.40 1.00 1.40 2.33 1.67 1.33 1.00 1.00 7.00 7.00 7.00
3.67 1.50 1.67 2.00 3.33 1.50 3.00 3.33 3.00 4.00 3.33 4.00 5.00 4.00 4.67 3.00 2.67 2.75 2.13 3.20 4.00 2.60 2.50 2.20 5.67 5.00 4.33 1.67 3.50 6.00 6.00 6.33
2.33 1.00 1.33 1.50 3.00 1.00 2.67 2.67 3.33 3.50 4.33 5.00 6.00 5.50 5.00 5.00 3.33 3.75 3.33 3.00 3.50 2.00 1.50 1.60 4.33 3.67 3.33 2.33 2.00 5.67 5.50 5.67
2.67 3.00 5.00 5.00 4.33 2.00 2.67 1.67 3.33 3.50 2.33 3.50 4.33 5.00 3.33 3.00 3.33 3.50 3.67 2.60 3.00 3.00 1.50 2.00 4.00 3.67 2.33 3.33 1.00 6.67 7.00 6.67
2.67 2.00 2.00 5.00 3.33 2.00 2.67 3.33 3.67 3.50 3.67 4.50 3.67 4.50 4.67 4.00 4.00 3.50 3.00 3.60 3.75 3.20 1.75 2.20 4.00 1.67 3.00 2.67 1.50 6.33 5.00 5.00
1.67 1.00 3.00 1.50 2.67 2.00 3.67 2.67 3.00 3.00 5.00 5.50 5.33 5.50 5.67 5.50 3.67 3.00 3.33 4.00 3.25 2.60 3.25 2.20 3.67 3.33 1.67 1.00 1.00 6.00 6.50 6.33
3.33 2.50 2.00 1.50 3.00 1.00 4.00 3.00 4.00 4.00 3.00 3.50 5.33 5.00 4.33 5.00 4.00 4.00 4.00 2.40 3.00 2.20 1.75 2.20 5.33 5.00 3.33 1.00 1.00 6.33 6.50 7.00
2.00 1.50 2.00 1.50 3.67 1.00 3.00 2.67 3.67 4.00 3.00 4.00 3.67 4.00 4.00 3.50 3.00 3.75 3.33 3.60 3.50 3.00 2.75 2.20 4.67 4.33 2.33 2.33 2.00 6.67 6.50 6.33
3.00 4.50 3.13 3.50 5.00 3.50 2.67 3.33 3.00 3.50 4.67 1.00 1.33 1.00 2.67 3.50 4.00 4.00 4.00 3.00 3.00 3.40 3.00 2.80 5.33 5.67 5.00 2.67 3.00 5.33 5.00 6.67
1.33 1.00 1.33 2.00 3.33 1.50 3.00 2.67 2.67 3.00 5.67 5.50 6.00 6.00 3.67 3.50 4.00 4.00 4.00 3.60 3.50 3.20 2.50 3.40 4.33 3.00 3.33 2.00 2.00 7.00 6.50 6.00
2.33 1.50 1.67 1.50 3.00 2.50 3.00 2.33 2.00 3.50 4.33 4.50 5.33 4.50 5.67 5.00 3.33 3.25 3.33 2.40 2.75 2.20 2.00 1.60 3.33 3.00 3.33 1.33 1.50 5.33 6.00 5.67
1.00 1.00 1.00 3.00 2.33 1.00 3.00 3.00 3.00 4.00 5.00 6.00 6.00 6.00 6.00 6.00 4.00 4.00 4.00 3.00 4.25 2.80 1.50 2.00 4.00 3.00 3.33 1.67 1.50 6.33 7.00 7.00
2.00 3.00 2.33 3.00 3.33 3.00 3.00 2.67 2.67 3.50 3.67 3.00 5.67 5.50 5.00 5.00 4.00 4.00 3.67 4.00 3.50 3.40 1.75 3.40 4.67 5.33 5.33 2.33 2.00 5.00 5.50 5.33
2.33 3.50 3.33 3.00 3.00 2.00 2.33 2.67 2.67 3.50 2.67 5.00 5.00 5.50 5.00 5.00 4.00 3.25 4.00 2.60 3.25 4.20 2.50 3.20 5.67 5.67 3.67 2.00 1.50 3.67 6.50 5.67
1.33 1.00 1.67 1.50 1.33 1.00 3.67 3.67 3.67 4.00 4.67 6.00 4.33 6.00 6.00 6.00 4.00 4.00 4.00 2.80 2.75 2.80 2.75 2.40 3.00 2.67 2.67 1.67 1.50 7.00 7.00 7.00
2.33 2.00 2.33 2.00 3.33 1.50 3.00 3.00 4.00 4.00 3.33 4.50 4.67 4.50 5.00 5.00 3.67 4.00 3.67 3.40 2.75 3.20 2.25 3.40 5.33 6.00 3.00 1.33 1.50 6.67 7.00 7.00
2.67 1.50 1.00 3.50 3.33 3.00 3.67 3.33 3.33 3.50 4.67 5.00 5.67 6.00 4.00 4.50 3.67 4.00 4.00 2.80 3.50 2.80 2.00 1.80 4.00 3.67 3.00 1.00 1.00 6.33 6.50 6.33
2.67 2.00 2.00 5.50 3.00 4.00 2.67 1.67 2.33 3.00 4.67 4.50 4.00 4.00 5.67 5.00 2.67 4.00 3.67 2.80 2.75 3.00 2.50 2.80 4.67 4.67 4.33 3.33 2.50 5.00 4.00 4.67
3.33 2.00 3.17 2.00 2.67 2.00 3.00 2.67 2.67 3.50 4.00 4.00 5.33 5.50 5.67 5.00 4.00 4.00 4.00 2.40 1.50 3.00 1.50 2.20 3.33 3.00 2.33 1.67 1.00 6.33 7.00 7.00
3.00 3.00 2.33 4.00 2.00 3.50 3.00 1.67 3.33 2.50 4.33 4.00 5.00 4.50 5.00 4.00 4.00 3.50 2.67 2.42 2.35 2.90 1.85 2.76 4.00 3.00 4.00 3.67 2.50 5.67 6.00 7.00
3.00 3.00 3.00 3.50 3.67 4.00 2.33 2.00 3.00 3.00 3.33 4.00 3.33 4.00 3.33 4.00 3.33 3.50 2.67 3.60 4.00 3.60 4.00 2.60 4.67 5.67 4.00 4.33 2.00 5.33 6.50 5.67
2.33 2.00 2.67 3.00 5.00 2.50 3.00 2.67 3.00 3.50 4.00 4.50 5.00 5.00 5.00 4.00 4.00 4.00 4.00 2.80 2.75 3.20 1.75 2.40 5.67 5.00 3.67 3.00 3.00 5.00 6.50 6.67
2.67 1.50 4.33 3.00 5.00 3.50 2.00 1.33 2.33 1.50 2.00 1.00 2.33 2.00 2.67 3.00 3.67 3.25 3.00 2.20 2.75 3.40 2.75 2.60 5.67 5.67 6.67 5.33 3.50 5.33 6.00 6.00
2.67 1.00 1.00 1.00 1.67 1.00 2.67 3.00 3.67 3.00 4.33 6.00 5.33 6.00 5.67 6.00 3.00 4.00 3.67 3.20 2.75 2.20 3.25 3.80 2.33 2.33 3.33 1.00 1.00 6.67 7.00 6.67
3.00 1.50 3.00 2.00 3.33 2.00 2.67 2.33 2.67 3.00 4.33 4.50 4.00 5.00 4.33 4.50 4.00 4.00 4.00 2.20 3.50 3.00 2.00 2.40 2.67 3.00 3.00 1.33 1.50 5.67 6.50 4.33
3.67 2.00 2.00 3.50 3.33 2.00 2.67 2.67 3.33 3.00 4.67 5.00 4.67 5.50 4.00 4.00 3.67 3.75 3.67 2.60 2.25 2.40 1.75 2.40 2.67 2.33 2.33 1.67 1.50 7.00 7.00 6.67
2.00 2.00 3.67 2.00 2.67 1.00 3.33 3.33 3.33 2.50 6.00 5.50 5.67 5.50 5.33 5.50 4.00 4.00 4.00 2.80 2.50 2.20 2.25 2.00 1.67 2.00 2.33 1.67 1.00 6.67 7.00 6.67
2.67 2.00 3.67 3.50 3.67 3.50 2.67 2.33 2.33 3.50 4.67 4.50 4.67 5.00 5.00 5.00 4.00 3.75 4.00 4.40 4.00 4.00 3.00 2.60 4.33 2.00 4.00 2.00 1.50 6.00 6.50 6.33
1.67 1.50 3.00 3.00 4.67 2.50 2.00 1.00 3.33 2.00 2.67 2.50 1.67 3.00 6.00 5.50 2.67 2.75 3.33 2.60 2.75 2.60 1.75 1.60 4.67 3.67 3.67 3.33 1.50 5.67 5.50 6.33
1.00 1.00 2.47 1.00 3.00 2.00 3.00 3.67 4.00 4.00 4.33 6.00 4.67 6.00 3.00 3.50 4.00 4.00 4.00 1.40 2.00 2.20 1.00 1.80 3.00 2.33 1.33 1.33 1.50 7.00 6.50 7.00
3.67 3.00 4.33 5.00 4.33 3.00 3.00 2.67 3.33 3.50 4.67 4.50 4.00 5.00 3.67 3.50 4.00 4.00 4.00 2.80 2.75 2.80 2.25 2.20 3.33 2.67 3.33 2.33 1.00 4.33 4.50 5.67
4.33 2.00 2.67 3.50 3.67 3.50 2.67 2.00 1.33 1.50 5.00 3.00 4.33 4.00 3.67 3.50 3.67 3.25 4.00 3.20 3.25 3.20 3.25 3.20 3.67 3.67 2.67 1.80 1.00 5.00 7.00 5.33
2.07 3.50 2.67 1.50 2.67 2.50 3.00 2.33 3.33 3.00 3.67 3.50 2.83 4.40 4.93 6.00 4.00 3.50 4.00 2.80 3.75 2.40 2.75 2.00 3.67 3.67 3.00 1.33 1.00 6.33 6.00 5.93
2.67 2.50 3.33 5.00 5.00 2.00 2.33 2.67 2.67 3.50 1.67 2.50 3.67 3.50 3.33 3.00 3.00 3.00 3.00 4.00 3.50 3.80 3.25 3.20 7.00 7.00 6.00 5.33 3.50 5.00 5.00 4.00
1.00 1.00 1.33 1.50 2.67 1.00 2.00 1.67 3.67 1.50 6.00 5.00 6.00 6.00 6.00 6.00 4.00 3.50 4.00 2.80 3.00 4.00 2.00 2.40 2.33 2.00 2.67 2.00 1.50 7.00 6.50 7.00
1.67 1.50 3.33 1.50 2.00 3.00 3.00 3.33 3.33 4.00 3.33 6.00 5.33 5.50 4.67 5.00 4.00 4.00 4.00 2.40 2.25 2.60 1.75 2.00 2.67 2.00 2.00 1.67 1.50 6.67 6.00 7.00
1.00 1.00 3.67 1.50 3.33 1.00 3.00 2.67 3.00 3.00 4.00 5.50 6.00 6.00 6.00 5.50 3.67 4.00 3.67 2.20 2.50 2.00 1.50 1.40 3.67 4.00 2.67 3.00 1.00 6.33 6.00 6.67
3.00 1.50 4.33 3.50 2.00 3.50 3.33 2.33 2.67 3.50 3.67 4.50 4.67 5.00 3.67 3.00 3.67 4.00 3.67 2.60 3.00 3.60 1.75 2.20 3.33 4.33 5.67 2.67 5.50 5.00 4.00 4.67
2.00 1.50 1.67 4.50 4.33 2.50 2.67 2.67 3.00 3.50 5.33 5.50 5.33 6.00 2.67 4.50 3.33 3.50 3.00 2.60 2.25 2.20 1.25 2.00 5.67 6.33 4.33 3.00 2.50 5.00 6.50 6.00
5.00 3.00 4.00 4.00 4.00 4.50 2.80 1.83 2.77 2.15 2.33 4.00 3.33 4.50 6.00 4.00 3.67 3.75 4.00 1.80 3.25 3.00 2.25 1.60 2.33 2.33 1.33 1.67 1.00 7.00 7.00 7.00
1.00 1.00 1.00 1.00 1.33 1.00 3.00 2.67 3.67 3.50 5.00 4.50 6.00 5.50 4.67 5.50 3.33 2.25 3.00 4.00 3.00 3.40 2.25 3.40 4.33 5.33 4.67 1.00 3.00 5.67 5.00 4.00
1.33 1.00 2.33 2.00 1.67 3.00 3.33 3.00 2.67 3.00 4.67 2.00 5.33 3.00 4.33 4.00 3.33 3.25 3.00 1.60 1.25 2.00 1.00 1.20 5.00 2.33 2.00 1.00 1.00 3.67 4.00 5.00
2.00 2.00 4.33 2.50 3.00 3.00 3.13 2.83 3.10 3.65 4.00 4.50 4.33 4.00 4.33 4.50 3.00 2.75 2.33 3.40 3.00 3.60 3.00 3.60 5.00 5.00 4.67 2.67 2.50 6.33 6.50 6.33
2.33 2.00 3.67 5.00 3.67 4.00 4.00 2.67 3.67 4.00 4.33 5.00 5.33 4.50 4.00 5.00 3.33 4.00 3.67 2.20 2.25 2.60 2.25 2.80 5.33 3.33 3.00 3.00 3.00 5.67 6.00 5.33
2.67 2.50 2.33 2.00 2.67 2.00 3.33 2.00 2.33 3.50 4.33 4.00 4.00 4.50 3.67 4.00 4.00 4.00 4.00 2.60 2.50 3.60 2.50 2.60 5.33 4.00 3.33 1.67 1.00 6.33 6.50 5.67
1.00 3.50 3.67 4.50 4.67 1.50 3.10 3.27 3.00 2.00 2.00 3.50 3.00 3.00 5.00 5.00 3.67 2.75 3.00 2.80 3.00 3.60 2.75 2.80 5.00 5.00 6.33 1.33 1.50 5.33 7.00 4.00
1.67 2.00 2.33 5.00 5.33 3.50 2.67 2.33 3.33 3.50 3.00 4.50 4.00 5.00 5.33 5.00 3.33 2.50 2.67 3.20 3.50 3.80 2.00 3.60 5.00 4.67 4.67 2.67 2.00 6.00 6.50 5.33
1.33 2.00 2.67 5.00 5.33 5.00 2.00 2.00 3.00 1.50 3.67 4.50 4.67 5.00 4.67 5.00 3.67 4.00 3.33 3.00 3.00 3.20 2.50 2.20 6.33 6.00 4.00 2.67 1.50 6.33 6.50 6.00
3.00 2.00 2.67 2.00 2.00 1.50 3.00 2.33 2.67 3.50 3.67 4.00 5.67 6.00 4.33 4.00 3.00 3.50 3.67 2.80 3.25 3.80 3.00 2.40 3.00 4.67 2.67 3.00 1.00 5.33 6.00 6.00
2.67 1.00 4.00 2.50 4.67 1.50 4.00 3.67 3.67 4.00 4.00 2.50 1.33 1.00 6.00 6.00 4.00 1.75 2.00 4.00 3.00 3.00 1.75 3.20 5.33 5.67 2.00 2.00 1.50 6.33 5.50 5.00
1.00 1.00 1.00 3.50 4.00 1.00 2.67 2.33 2.67 4.00 4.67 6.00 4.67 5.50 6.00 5.50 4.00 3.25 4.00 3.00 2.25 2.60 2.50 2.10 2.67 2.67 2.00 3.33 1.25 6.00 5.50 6.67
1.67 1.00 2.67 3.00 2.00 2.00 3.67 3.00 3.00 4.00 5.33 5.50 5.67 5.50 6.00 5.50 4.00 4.00 4.00 3.80 3.25 3.40 3.00 2.40 2.33 2.67 1.33 1.00 1.00 6.67 7.00 7.00
3.67 2.00 4.67 6.00 4.33 5.00 3.67 2.33 2.67 3.00 4.33 5.00 5.00 6.00 4.67 5.00 4.00 4.00 4.00 3.60 4.25 3.60 2.75 3.20 2.00 2.67 1.67 3.00 1.50 7.00 5.50 6.67
2.33 2.00 2.67 4.50 2.33 3.00 3.33 2.33 3.00 4.00 3.00 4.50 3.67 4.50 3.00 3.50 3.33 3.25 3.67 3.00 3.25 3.00 2.75 2.60 4.67 4.00 3.67 2.00 2.50 6.33 6.50 6.33
3.00 3.50 4.33 4.00 3.33 2.50 2.33 1.87 2.63 3.15 3.33 4.50 3.67 4.50 4.00 3.50 3.33 4.00 3.33 3.00 3.00 2.40 2.25 2.60 5.00 4.33 3.33 2.33 3.00 5.00 5.00 5.67
2.33 1.50 3.00 2.50 3.33 1.00 3.33 3.33 2.67 3.00 4.67 5.00 5.33 5.50 5.33 5.50 3.67 3.50 3.00 3.60 3.50 2.40 2.00 2.40 3.00 2.67 2.33 1.67 3.00 5.33 5.50 6.00
1.67 4.00 4.00 3.00 1.33 3.00 4.00 3.67 2.67 4.00 3.33 3.50 5.00 6.00 2.67 3.50 3.33 3.00 3.67 4.00 4.50 4.40 4.00 4.20 6.33 6.00 4.00 3.00 1.50 6.67 6.50 5.33
2.00 1.00 1.67 3.00 2.67 2.00 3.33 3.33 3.00 3.50 5.00 4.50 6.00 5.50 4.00 5.00 4.00 3.50 4.00 3.20 2.75 3.40 2.50 3.40 1.67 1.67 1.67 1.00 2.50 6.33 4.00 6.33
2.00 1.00 1.00 4.50 1.00 3.50 4.00 3.00 3.33 4.00 4.33 6.00 6.00 6.00 6.00 6.00 4.00 3.25 4.00 2.60 4.00 2.20 3.00 2.40 3.33 2.33 2.00 1.33 1.00 6.67 6.50 6.67
1.33 1.00 2.33 1.50 2.00 1.00 4.00 3.00 4.00 4.00 5.67 5.50 6.00 6.00 6.00 5.50 4.00 3.50 4.00 2.80 3.75 3.40 3.00 2.60 1.67 2.00 1.33 1.00 1.00 6.67 7.00 7.00
3.00 5.00 3.67 5.00 5.00 5.00 3.33 3.33 2.33 3.00 2.00 3.50 4.67 4.50 3.67 2.00 3.00 3.25 3.00 3.40 4.25 4.00 2.50 3.20 4.00 6.00 5.00 3.33 2.50 6.00 6.50 6.67
2.67 1.50 2.00 2.00 2.00 1.50 4.00 3.00 3.00 4.00 5.00 5.50 5.00 5.50 5.33 5.00 3.00 3.75 3.67 2.00 1.75 2.00 1.75 1.40 1.67 1.67 1.67 1.33 1.00 6.33 6.50 6.67
1.00 1.00 1.00 1.00 2.67 1.00 4.00 3.33 4.00 3.50 5.67 5.50 5.67 5.50 5.33 5.50 3.67 3.50 3.67 2.40 2.50 1.80 1.25 2.40 3.33 3.00 2.67 1.67 2.50 5.67 6.00 5.33
1.67 1.50 1.67 2.00 2.00 2.00 3.33 2.00 2.67 3.50 3.67 3.00 4.33 5.00 3.67 3.50 4.00 4.00 4.00 2.80 2.00 1.80 1.50 1.60 3.67 4.00 2.67 2.33 2.50 6.00 6.50 6.33
2.00 2.00 1.67 2.50 2.33 1.50 2.67 3.00 3.33 4.00 3.67 4.00 5.00 4.50 5.00 4.00 3.67 4.00 4.00 2.60 2.50 2.80 2.50 1.60 3.67 3.00 2.67 1.00 1.00 6.33 6.50 4.00
4.00 5.50 3.33 6.00 5.00 4.50 1.67 1.33 3.33 2.00 3.33 2.50 2.67 2.50 5.00 5.50 4.00 2.75 3.67 3.40 3.50 3.40 3.00 3.60 4.67 5.00 6.33 3.33 1.50 6.33 5.50 4.00
2.67 1.50 2.67 2.50 3.33 1.50 3.67 3.33 3.33 3.50 4.33 5.50 4.67 4.50 5.00 5.00 4.00 4.00 4.00 2.40 3.75 2.40 2.00 2.20 2.33 2.33 1.67 1.33 2.00 6.67 6.50 6.67
3.00 2.00 4.00 4.50 3.67 3.00 2.00 1.67 2.33 1.50 4.00 4.50 3.67 4.00 3.33 4.00 3.33 4.00 3.67 3.20 3.75 3.60 3.25 3.00 3.67 4.67 4.33 3.33 2.00 5.33 5.50 5.33
3.67 3.00 2.33 3.00 2.00 2.00 2.67 2.33 2.67 4.00 3.67 4.50 5.00 5.00 5.67 5.00 3.00 3.25 3.00 2.60 2.75 3.40 2.75 3.00 4.00 4.00 3.33 4.33 4.00 5.33 5.00 4.33
3.00 3.50 3.67 3.50 3.67 2.00 2.67 3.00 2.67 3.00 4.00 5.00 3.33 5.00 5.00 5.00 4.00 3.25 4.00 2.20 3.75 1.80 2.25 1.80 4.67 3.33 4.00 1.67 1.00 6.33 7.00 7.00
1.67 1.00 2.00 1.00 2.67 3.00 2.93 2.87 2.83 3.30 5.33 6.00 6.00 6.00 5.33 5.00 4.00 4.00 4.00 2.80 2.25 2.40 2.25 1.40 5.00 3.67 3.33 1.00 1.00 7.00 7.00 7.00
2.00 2.50 4.00 4.50 3.67 4.50 3.67 2.33 3.00 3.50 3.33 4.00 4.00 5.50 4.67 5.50 3.00 2.25 2.33 3.40 3.00 3.00 2.50 3.00 4.33 3.67 3.67 1.67 1.50 5.00 4.00 6.33
1.33 1.00 2.33 1.00 2.33 1.00 3.67 3.67 3.00 4.00 4.33 3.00 4.67 2.50 5.00 5.00 2.67 3.75 3.67 3.20 3.00 3.80 2.75 3.60 1.67 1.67 1.67 1.67 1.00 5.67 6.50 6.00
3.33 4.00 4.33 5.00 3.00 2.50 3.67 2.33 2.00 3.50 2.33 3.00 6.00 5.50 2.67 2.50 3.67 3.25 3.67 3.20 3.00 4.00 3.75 3.40 2.67 3.67 2.67 1.00 1.50 6.67 7.00 6.67
3.00 1.50 1.33 3.50 2.33 1.50 3.00 2.33 3.33 2.50 3.33 5.50 3.67 5.50 4.33 5.00 4.00 3.50 3.33 2.80 3.50 2.60 2.50 2.60 3.67 4.00 3.33 2.67 2.00 6.33 6.50 6.00
2.33 1.50 2.67 2.00 4.00 2.00 3.00 2.67 2.67 3.00 3.67 4.00 5.33 5.00 5.00 5.50 3.67 4.00 3.67 2.40 2.50 2.40 1.50 2.00 3.33 2.67 2.00 1.00 1.00 6.67 6.00 5.67
2.33 2.50 2.33 2.00 1.67 1.50 2.67 2.67 3.00 2.50 5.00 5.00 5.00 5.00 5.67 5.50 4.00 3.50 3.67 1.80 2.00 2.80 1.50 1.80 3.00 3.67 3.00 1.67 1.00 6.33 6.50 7.00
1.33 2.00 4.67 2.50 3.33 3.00 3.00 3.00 2.67 2.50 1.67 6.00 4.00 3.50 5.33 6.00 4.00 4.00 4.00 3.40 3.50 2.20 2.25 2.00 2.33 2.00 1.33 2.67 2.50 6.00 7.00 6.67
1.33 1.00 2.67 2.00 2.33 1.50 3.33 2.67 3.00 2.50 4.00 4.50 6.00 5.50 6.00 5.00 4.00 4.00 3.33 2.80 3.50 2.80 1.75 2.80 2.33 2.00 2.00 2.00 2.00 6.00 5.00 5.00
3.00 1.00 1.67 1.50 3.00 2.00 1.67 1.00 2.00 1.50 2.33 2.50 3.67 4.00 6.00 4.00 3.00 3.75 4.00 2.60 2.50 3.00 2.50 2.20 5.00 3.33 4.00 3.33 2.00 6.00 5.50 6.00
2.33 1.50 2.33 2.00 2.67 2.00 4.00 2.67 3.67 3.50 4.67 3.50 5.33 5.00 4.67 4.50 3.67 4.00 4.00 3.00 4.00 2.60 3.25 1.40 1.67 1.67 1.67 1.67 2.50 6.33 5.50 5.33
1.00 1.00 2.33 1.50 2.33 1.00 4.00 3.00 3.00 4.00 5.67 5.50 6.00 6.00 5.67 6.00 4.00 4.00 4.00 2.80 3.00 3.00 1.75 1.80 2.00 2.33 2.00 1.67 2.00 6.67 6.50 6.33
2.00 2.50 3.00 3.50 4.00 3.00 3.00 1.67 2.67 3.00 4.00 4.00 4.67 4.00 4.67 4.50 3.67 4.00 4.00 3.00 3.50 3.40 3.00 2.60 2.67 2.67 2.67 1.00 1.00 5.00 5.50 4.67
1.67 1.50 1.33 1.50 1.67 1.00 3.00 2.33 2.67 2.50 5.67 4.50 6.00 6.00 6.00 5.50 3.33 3.75 3.13 2.80 3.50 2.00 1.50 1.40 3.00 2.67 2.00 2.00 1.00 6.33 6.00 6.67
3.00 2.00 2.67 3.00 3.67 2.50 2.67 3.00 2.67 3.50 4.33 3.00 3.67 4.00 4.00 4.00 3.67 3.75 3.33 3.60 3.25 3.20 2.75 3.20 6.33 6.67 6.33 5.67 6.00 6.00 5.50 6.67
2.00 1.50 3.67 3.50 3.00 2.00 3.67 3.33 3.67 3.50 3.33 4.00 4.33 3.00 5.33 5.00 2.00 2.75 1.67 3.00 3.25 2.60 2.50 2.80 3.33 4.00 3.67 1.67 1.00 6.00 6.00 6.33
2.67 1.50 2.00 2.50 4.33 1.50 2.33 1.67 2.67 3.50 3.67 3.00 4.67 4.50 4.67 4.50 4.00 4.00 4.00 1.80 2.50 2.60 1.50 1.60 5.67 5.67 4.33 3.67 1.00 4.67 5.50 5.00
3.33 2.50 5.00 6.00 3.67 5.50 3.00 2.33 3.00 4.00 2.67 4.50 4.33 3.50 4.67 6.00 2.00 1.75 1.67 3.00 2.50 3.40 2.00 2.40 5.00 4.00 3.33 6.33 4.50 4.33 6.00 5.67
3.00 4.00 4.33 4.50 3.67 2.50 2.00 2.00 3.33 2.00 3.33 4.50 4.33 4.00 4.33 3.50 2.67 2.00 2.00 3.60 2.50 3.40 3.25 3.80 5.00 5.00 4.67 3.33 3.50 6.00 5.00 5.67
3.67 2.50 3.00 4.00 3.00 4.00 2.67 3.33 3.33 2.00 3.00 2.50 3.67 3.00 3.00 3.00 2.67 2.25 2.67 2.60 3.00 2.80 2.50 3.40 4.67 4.67 3.67 1.00 1.00 6.00 6.00 6.00
1.33 1.00 4.33 1.00 4.00 1.00 4.00 3.00 3.00 4.00 5.67 5.50 6.00 6.00 6.00 5.00 3.67 3.75 2.67 2.80 4.00 2.40 2.00 1.60 1.33 1.00 1.00 1.67 1.00 6.67 6.50 6.67
2.67 2.50 4.67 4.00 3.00 3.00 3.00 2.67 3.00 3.50 3.00 4.00 5.00 5.00 4.00 4.00 3.00 2.50 3.00 2.80 3.00 3.40 3.50 3.20 2.67 4.00 1.67 1.00 1.00 7.00 6.50 6.67
3.67 2.50 4.33 4.00 4.00 3.50 2.00 2.33 3.00 2.50 3.00 5.00 4.00 5.00 4.00 4.00 3.33 3.00 3.33 3.00 2.75 3.60 2.50 2.80 4.00 3.33 3.00 2.67 1.50 6.00 5.50 5.33
3.00 3.50 4.33 2.00 2.67 2.50 3.67 3.33 3.67 3.00 5.00 5.00 5.00 5.00 2.33 4.00 3.67 4.00 3.67 3.00 2.75 2.60 2.50 1.80 2.67 2.00 2.33 2.33 1.50 6.33 4.00 4.67
2.67 1.00 1.33 3.50 2.00 1.00 2.67 2.33 3.00 1.50 4.00 4.50 6.00 6.00 4.67 3.50 2.67 3.25 3.33 3.60 3.00 3.80 3.00 2.40 4.00 4.33 4.00 3.33 4.00 3.00 4.50 1.67
2.00 2.00 2.33 4.00 2.33 2.00 2.67 3.00 4.00 4.00 4.33 4.00 4.67 4.50 4.33 5.00 4.00 4.00 4.00 2.80 2.25 2.20 2.00 2.00 3.67 3.33 2.33 1.67 1.50 6.00 6.50 6.67
1.67 1.50 2.00 3.50 3.00 1.50 3.33 3.00 3.33 3.00 3.33 5.00 5.00 5.00 5.00 4.50 3.33 4.00 3.67 3.40 3.25 2.40 2.75 3.00 2.00 3.00 1.67 2.33 1.50 6.00 6.00 6.33
1.33 1.50 2.67 4.00 4.33 6.00 4.00 2.67 3.00 4.00 6.00 6.00 3.67 5.50 6.00 6.00 4.00 3.75 4.00 2.60 2.25 3.20 3.50 2.80 4.33 3.67 4.00 1.33 1.00 6.67 6.00 7.00
2.67 3.00 4.00 5.00 4.67 5.00 3.00 3.33 2.67 2.50 3.33 5.50 4.00 4.50 5.33 5.00 3.67 3.25 4.00 4.00 3.00 2.80 2.25 4.00 4.33 4.00 2.67 1.67 3.00 6.67 6.50 6.67
2.00 1.50 2.67 4.50 3.33 2.50 3.00 3.67 2.67 3.00 5.67 5.50 6.00 6.00 5.33 5.00 3.00 3.25 3.33 1.80 2.25 2.80 2.00 1.80 2.67 2.67 1.67 3.67 1.00 6.00 7.00 6.33
3.33 1.50 4.00 3.00 4.33 3.00 2.67 2.67 2.67 2.50 4.33 6.00 6.00 6.00 5.33 5.50 4.00 4.00 4.00 2.40 3.00 2.00 1.75 2.00 5.33 3.67 2.33 1.00 1.50 6.67 7.00 6.67
1.00 1.00 1.00 1.50 1.33 1.00 3.33 3.00 3.67 4.00 4.33 6.00 6.00 6.00 5.33 5.50 4.00 4.00 4.00 3.20 2.75 2.00 2.50 2.20 5.67 5.67 3.67 1.67 2.00 4.67 6.00 4.67
2.33 2.00 1.67 1.50 1.33 3.50 4.00 3.67 3.33 4.00 4.67 5.50 5.67 5.50 2.33 4.00 3.67 3.25 4.00 1.80 2.50 2.20 2.00 2.00 3.33 3.00 2.33 1.33 1.50 6.67 7.00 6.67
2.33 2.00 4.33 3.50 4.33 1.00 3.33 2.67 3.33 3.00 3.00 1.50 1.67 1.50 4.33 4.50 3.67 4.00 4.00 3.00 2.75 2.80 1.30 2.60 5.00 4.33 3.67 2.00 1.50 7.00 6.50 7.00
3.33 2.50 3.00 4.00 3.00 3.00 3.00 3.33 3.67 3.50 3.67 3.50 2.33 3.00 5.00 4.50 3.33 3.50 2.67 2.60 3.00 3.20 3.25 3.40 4.67 5.33 4.00 3.00 1.50 6.00 6.00 6.33
2.33 1.50 2.33 2.50 2.33 2.00 3.00 3.33 3.00 3.50 3.67 4.50 4.33 3.00 4.33 4.00 3.33 3.75 4.00 2.80 3.00 3.00 2.00 2.80 2.00 2.00 1.67 1.33 1.00 6.67 6.50 6.67
3.67 2.50 4.67 3.00 4.00 4.50 4.00 3.00 3.67 3.50 2.67 1.50 3.00 3.00 4.00 3.50 3.67 3.25 3.67 3.40 3.00 2.60 2.25 4.00 5.00 4.33 4.00 2.00 2.00 4.67 6.00 4.67
2.00 2.00 4.00 3.50 3.33 3.00 2.33 3.67 2.67 3.50 3.33 4.50 4.33 4.00 4.33 4.00 3.67 2.25 2.33 3.20 3.50 3.40 3.50 3.60 3.67 2.67 3.33 1.67 2.00 4.33 4.50 6.00
1.00 1.00 1.00 3.50 4.67 2.00 2.67 3.67 3.67 4.00 2.67 3.50 4.33 4.50 4.00 4.00 4.00 4.00 3.67 3.40 3.00 4.00 2.25 3.40 4.67 4.67 3.00 1.00 1.00 7.00 6.50 6.33
3.00 2.50 2.33 3.50 3.33 2.00 3.00 3.33 3.67 4.00 4.00 3.00 2.67 3.50 3.00 4.00 4.00 4.00 3.67 3.00 3.22 3.60 3.50 2.60 4.33 3.00 3.67 1.33 1.00 6.00 6.00 6.33
2.33 1.50 3.00 3.50 5.00 2.50 2.67 2.00 2.33 3.50 5.33 5.50 6.00 6.00 6.00 5.00 3.67 4.00 3.67 3.00 3.25 2.80 2.25 2.40 3.33 3.33 3.33 1.33 1.00 6.00 5.50 7.00
1.33 2.00 2.00 1.50 3.67 2.00 4.00 3.00 3.67 4.00 4.33 4.00 5.00 5.00 4.67 4.00 3.33 3.25 3.67 3.20 3.25 2.80 2.00 2.80 6.00 6.00 4.33 1.33 1.50 6.33 6.00 5.67
3.00 1.00 1.33 2.00 1.33 1.00 3.00 3.00 3.67 4.00 4.00 3.00 5.67 6.00 5.00 4.50 4.00 4.00 4.00 2.80 2.50 2.60 2.00 2.40 1.67 2.00 1.33 1.00 1.00 6.67 7.00 7.00
1.00 1.00 1.33 3.00 1.67 1.50 3.67 3.00 3.33 4.00 5.00 5.50 6.00 6.00 5.33 6.00 4.00 3.50 4.00 3.80 3.50 3.60 2.75 3.40 3.33 3.33 3.33 2.00 2.50 7.00 7.00 5.00
2.33 2.00 3.33 3.00 3.33 2.00 3.00 3.00 3.33 4.00 3.67 3.00 3.67 4.00 3.67 3.50 3.33 3.50 3.67 2.62 3.25 3.40 3.00 2.60 4.33 3.00 3.00 2.00 3.00 5.00 6.00 6.00
2.00 1.50 3.33 3.50 1.33 1.50 3.00 2.33 3.00 3.50 5.33 5.50 3.67 5.00 4.67 5.50 3.67 4.00 3.67 1.80 2.25 2.40 1.25 1.40 2.67 1.67 1.67 2.00 1.50 5.67 5.50 6.33
5.33 4.50 5.67 5.50 4.67 3.50 2.67 2.67 2.67 3.00 1.67 1.00 1.67 1.50 5.67 5.00 2.33 3.00 3.00 4.20 3.50 4.20 3.25 3.80 5.33 5.00 5.33 2.33 2.00 6.00 5.50 5.67
2.00 2.00 1.33 2.00 1.67 2.00 3.00 1.67 2.33 3.50 3.67 5.00 5.00 4.00 4.33 3.50 2.67 3.50 2.33 3.20 3.00 2.80 1.50 3.00 3.67 4.00 2.67 2.67 2.50 5.33 6.00 5.33
1.67 1.50 2.67 2.00 2.67 2.00 3.33 3.33 3.67 4.00 5.00 5.00 4.33 4.00 5.00 5.00 4.00 4.00 4.00 2.00 1.75 1.80 2.00 1.80 3.00 3.00 2.33 1.00 1.50 7.00 7.00 7.00
2.33 1.50 1.67 1.50 4.00 1.00 3.33 1.67 2.00 1.50 2.67 4.00 3.00 3.50 3.33 2.50 3.33 3.75 3.67 2.40 3.25 2.80 3.00 2.40 2.67 4.67 3.67 5.00 2.00 5.67 4.00 6.67
4.33 2.50 3.67 5.50 3.67 5.00 3.67 2.33 2.67 4.00 4.67 4.00 4.00 3.50 6.00 4.50 3.67 2.50 2.00 4.20 4.00 4.20 2.50 3.60 5.67 3.33 4.33 2.33 1.00 6.67 6.50 6.00
2.33 2.50 3.33 3.00 3.33 3.00 4.00 2.33 3.00 4.00 3.67 4.00 3.00 3.50 4.00 3.00 3.33 3.50 4.00 2.80 3.50 3.60 2.75 3.00 5.67 5.00 4.33 2.67 1.00 7.00 6.50 5.67
2.67 1.50 3.40 1.50 1.53 1.00 2.27 1.87 1.97 3.65 4.00 6.00 1.33 5.00 5.67 5.00 3.67 4.00 3.33 3.80 4.25 3.20 3.25 3.60 2.00 1.33 3.33 2.80 2.50 5.00 6.50 6.67
1.67 1.50 4.00 4.50 4.33 1.50 2.67 2.33 3.33 4.00 3.00 3.00 4.00 4.50 5.00 4.50 3.33 3.75 3.67 3.00 3.75 1.80 1.25 1.40 4.33 3.00 3.00 1.33 1.50 5.00 4.00 5.33
3.00 4.00 4.33 3.00 4.67 2.00 4.00 3.67 3.33 4.00 3.33 2.00 4.00 3.50 5.00 4.00 3.00 3.25 3.67 2.42 2.50 3.00 2.00 2.40 3.33 3.00 2.00 1.00 1.50 7.00 6.50 7.00
2.33 1.50 2.67 3.00 2.33 1.50 3.67 3.67 3.67 3.00 4.33 2.50 2.00 1.50 4.67 4.50 4.00 4.00 4.00 3.40 5.00 3.60 2.50 1.60 1.67 1.00 1.00 1.00 1.00 6.33 6.00 6.33
2.67 4.00 2.67 3.50 4.00 2.50 3.33 2.67 2.67 3.00 4.67 3.00 4.00 4.50 3.67 4.50 3.33 3.50 3.67 2.60 2.25 3.20 2.75 3.00 2.33 3.00 2.00 3.00 2.00 6.67 6.50 6.00
4.00 3.50 1.67 2.00 2.33 1.50 3.67 2.67 3.33 4.00 4.00 4.00 5.00 4.50 4.67 4.00 3.67 3.50 3.33 2.20 2.50 2.80 2.00 2.80 2.67 2.00 2.33 1.33 1.00 6.33 4.50 6.67
3.67 2.00 3.00 3.00 2.67 1.50 2.67 3.00 2.33 3.00 2.67 5.50 4.00 3.50 5.00 4.00 3.67 3.25 3.67 2.60 2.75 3.40 2.75 2.80 2.67 2.67 2.00 2.00 1.00 7.00 7.00 7.00
2.67 2.00 3.00 4.00 3.67 3.00 3.00 3.00 3.67 4.00 4.67 5.00 4.67 5.50 4.33 4.50 3.00 2.25 3.00 2.20 2.50 2.80 2.00 2.00 6.00 5.67 6.00 1.00 1.00 6.00 7.00 6.33
1.67 1.50 5.33 3.00 2.67 1.50 4.00 3.00 2.67 3.00 3.67 3.00 5.00 4.50 4.67 3.00 3.33 3.50 3.67 3.80 4.50 3.60 3.00 3.60 1.67 1.67 1.67 1.33 2.50 6.67 7.00 6.67
1.67 1.50 3.00 2.00 2.67 2.50 3.67 3.00 3.00 4.00 4.00 5.50 5.67 5.50 6.00 5.50 3.67 4.00 3.33 2.00 2.60 1.80 1.25 1.20 2.67 1.67 1.67 1.33 1.50 7.00 7.00 7.00
2.00 1.00 2.33 1.50 1.33 1.50 3.00 2.67 3.00 3.50 5.00 6.00 6.00 6.00 6.00 6.00 4.00 3.75 4.00 3.60 3.00 2.40 1.75 1.60 2.00 2.33 2.33 1.00 1.00 7.00 7.00 7.00
1.67 2.00 2.67 2.00 3.33 2.50 3.33 3.20 3.63 3.65 5.00 6.00 4.33 5.00 5.00 5.00 4.00 4.00 4.00 3.40 2.25 2.40 2.00 2.40 3.67 2.00 3.00 1.33 1.00 7.00 7.00 6.67
1.67 1.50 3.33 2.00 2.33 1.50 3.67 4.00 3.67 4.00 3.00 4.50 2.67 4.00 4.33 4.00 4.00 4.00 3.00 3.40 3.50 3.20 2.25 3.00 2.33 2.67 2.00 1.33 1.00 6.67 6.50 5.67
3.33 1.50 3.00 4.50 2.33 2.50 2.67 3.33 3.33 3.50 4.33 5.00 5.33 5.00 3.67 4.00 3.67 3.50 3.67 3.00 4.00 4.00 2.75 3.40 3.00 3.00 3.67 2.00 4.00 5.33 6.50 6.00
2.67 1.50 3.00 3.50 3.67 4.00 3.67 3.00 2.67 4.00 4.67 5.00 3.33 4.00 4.67 5.50 3.33 3.00 2.67 2.20 2.75 3.00 2.00 2.60 3.67 3.00 3.00 1.33 1.00 6.47 7.00 7.00
4.00 3.50 4.00 4.50 4.33 2.50 3.13 2.83 3.10 3.65 1.33 1.00 1.33 1.00 4.67 4.50 4.00 4.00 4.00 4.00 3.75 3.60 3.50 3.00 3.00 4.33 4.00 2.00 1.00 6.67 6.65 6.60
2.00 1.50 1.67 3.50 3.67 2.00 2.67 2.67 2.33 3.50 4.33 5.50 6.00 6.00 6.00 5.00 2.33 2.50 2.33 3.00 3.50 3.20 2.00 3.40 3.00 3.33 3.33 1.00 1.00 5.33 5.00 6.67
1.33 1.50 2.00 2.00 4.00 1.50 3.67 3.00 3.00 3.50 5.67 3.00 6.00 6.00 4.67 5.00 3.67 4.00 3.67 3.20 3.00 3.00 1.00 2.20 3.33 2.33 2.33 1.67 1.50 5.33 6.00 5.33
3.67 5.00 3.67 5.00 5.00 3.50 2.33 2.00 3.00 4.00 2.33 3.50 1.67 1.50 4.00 4.00 3.67 4.00 3.00 3.40 3.50 3.60 2.00 3.00 5.67 6.00 5.67 3.00 1.00 5.67 6.50 4.67
2.33 1.50 1.33 2.00 2.67 1.00 3.00 2.67 3.33 4.00 3.67 4.50 5.33 5.50 4.00 5.50 3.00 3.50 3.67 3.60 2.50 2.20 2.05 1.90 4.33 4.67 3.33 1.33 1.00 7.00 7.00 7.00
2.00 1.00 1.67 2.00 4.00 1.50 4.00 3.00 3.33 4.00 4.00 5.50 6.00 6.00 5.67 5.00 4.00 3.50 3.67 3.00 3.00 2.80 1.50 2.40 3.67 3.33 2.00 1.67 1.50 6.00 6.00 7.00
3.33 1.00 3.33 1.50 1.33 1.50 3.00 2.67 2.33 3.50 5.33 5.50 5.67 5.50 5.67 5.50 4.00 4.00 3.67 4.20 4.25 2.60 2.75 1.40 3.33 3.67 3.67 1.33 1.00 7.00 7.00 5.33
3.00 3.00 2.00 3.00 3.33 2.50 3.67 2.67 3.00 4.00 1.67 3.00 3.33 4.00 4.33 5.00 4.00 3.50 3.33 3.40 3.25 3.20 1.75 2.40 5.00 5.33 3.67 2.67 3.00 7.00 7.00 6.67
2.00 1.00 2.00 1.50 3.33 1.00 3.00 2.67 2.33 3.00 5.00 6.00 6.00 6.00 6.00 5.50 4.00 4.00 4.00 2.80 3.50 2.00 2.00 2.80 1.67 2.00 1.67 1.00 1.00 4.67 6.50 5.33
3.67 4.50 3.00 3.50 3.67 4.00 3.33 3.00 2.67 3.00 2.33 3.50 1.33 1.50 3.33 3.50 3.33 4.00 4.00 3.00 3.00 3.20 2.75 2.80 4.33 4.00 3.33 3.00 3.00 5.33 5.50 5.00
1.00 1.00 3.67 1.00 1.33 1.00 3.67 3.33 3.67 4.00 5.67 5.00 5.33 5.50 6.00 5.50 3.33 2.75 3.67 2.80 2.75 2.40 3.25 2.00 2.33 2.00 1.67 1.33 1.50 7.00 7.00 6.67
1.33 1.50 2.00 3.00 3.33 1.50 2.33 2.00 2.67 3.50 4.33 4.00 5.67 6.00 6.00 5.00 3.67 4.00 4.00 2.40 3.50 2.20 2.00 1.60 4.67 3.67 3.00 1.67 1.50 6.00 7.00 6.00
2.00 1.00 2.00 1.50 2.33 1.00 3.33 3.33 3.00 3.50 4.00 5.00 3.67 4.50 3.00 3.50 3.33 4.00 3.33 3.00 3.25 2.80 1.75 2.00 5.67 5.67 4.33 2.33 2.50 6.33 6.00 6.33
3.00 1.50 2.00 3.50 3.33 3.00 2.67 3.00 3.00 4.00 4.00 4.50 4.67 4.00 5.33 5.00 3.33 3.00 3.67 3.40 3.00 2.80 2.25 3.00 3.67 5.00 3.33 2.00 2.00 6.00 6.00 6.00
1.00 1.00 2.00 1.00 1.00 1.00 3.67 2.67 4.00 4.00 6.00 6.00 6.00 6.00 6.00 6.00 4.00 4.00 4.00 2.40 2.72 1.80 1.75 1.40 1.00 1.00 1.00 1.33 1.00 7.00 7.00 7.00
2.00 2.00 2.00 2.00 2.33 2.00 3.33 3.33 3.33 3.00 4.00 3.50 4.00 4.00 5.00 5.00 3.67 3.50 3.33 2.20 2.25 2.00 2.25 2.60 2.67 2.67 3.00 2.33 2.00 6.00 6.00 6.33
2.33 1.50 2.00 2.50 2.33 1.50 3.67 2.33 3.33 3.00 5.00 4.50 5.33 5.00 5.00 4.00 3.33 3.75 3.67 3.00 3.25 3.00 2.30 2.80 4.00 4.67 4.00 1.67 2.50 6.00 5.00 5.67
1.33 1.00 1.33 1.00 1.00 1.00 3.67 3.33 4.00 4.00 5.67 5.50 6.00 6.00 5.33 6.00 4.00 4.00 4.00 2.20 2.25 2.60 1.25 1.80 2.00 1.67 1.33 1.33 1.00 7.00 6.50 7.00
3.00 4.00 3.67 5.00 5.67 4.50 2.00 1.67 1.67 2.50 4.00 4.50 3.67 5.00 4.00 3.00 3.33 2.75 2.67 3.80 4.50 4.20 2.75 3.40 7.00 6.67 6.33 5.33 3.50 5.67 6.00 5.67
1.00 1.00 1.00 1.00 2.33 1.50 3.00 2.33 3.67 4.00 5.33 5.50 6.00 6.00 6.00 5.50 4.00 4.00 3.67 1.60 3.00 2.60 2.25 2.20 2.33 1.33 2.00 1.00 1.00 6.67 7.00 7.00
2.33 1.50 3.13 3.50 3.33 4.00 3.00 2.67 3.67 3.50 5.00 4.50 5.00 4.50 5.00 5.00 3.47 4.00 4.00 3.74 3.25 3.12 2.92 2.42 5.00 4.33 4.00 2.00 1.00 6.33 6.50 6.33
3.33 1.50 1.67 5.00 3.67 2.50 2.67 3.33 3.00 2.50 4.00 4.50 4.33 5.50 5.67 4.50 1.67 2.50 2.33 3.60 3.25 4.00 2.25 3.60 7.00 7.00 7.00 1.00 2.50 3.67 3.00 4.00
2.33 2.00 3.33 3.00 3.00 2.00 2.33 2.00 2.67 1.50 3.33 4.00 4.00 5.00 5.00 5.00 2.33 2.00 2.67 2.40 3.00 2.80 2.25 2.40 4.33 4.00 4.33 1.33 1.50 6.00 6.50 6.33
2.67 2.00 2.67 4.00 2.33 5.00 3.33 3.33 3.00 3.50 3.00 4.50 4.00 5.00 4.67 4.50 3.33 3.00 3.67 3.00 2.50 3.20 2.50 2.60 2.33 2.00 2.67 2.33 1.50 7.00 4.50 6.67
3.00 2.00 2.33 2.00 1.33 2.50 3.00 3.33 4.00 4.00 4.33 5.00 3.67 5.00 4.67 5.00 3.67 4.00 4.00 2.40 2.25 2.00 1.50 1.40 1.33 1.67 1.33 1.00 1.00 7.00 7.00 7.00
1.67 1.50 3.33 4.50 5.00 4.00 3.00 3.33 3.33 2.50 4.00 5.50 5.33 6.00 5.33 4.50 3.33 3.50 3.67 3.00 3.25 3.00 2.25 2.80 6.33 5.33 5.00 2.33 2.50 5.67 6.00 5.00
3.00 1.00 2.00 1.50 1.00 1.00 4.00 2.67 2.67 3.00 5.33 3.50 5.00 5.00 5.67 5.50 4.00 4.00 3.67 2.60 3.50 2.80 1.25 1.40 4.00 3.67 3.67 2.00 1.00 6.00 5.50 6.00
2.33 2.00 1.67 3.00 4.00 3.00 2.67 2.67 3.33 3.50 3.33 3.50 4.00 5.00 5.67 4.00 3.00 3.25 3.33 2.20 2.00 2.60 2.00 2.60 5.00 3.67 4.33 4.00 3.00 7.00 7.00 6.67
3.33 2.00 4.00 4.50 4.33 3.00 2.67 1.67 2.33 2.50 2.67 4.00 4.00 4.50 2.67 3.00 2.67 1.75 2.67 2.60 3.75 3.40 2.25 2.80 5.33 5.00 4.67 2.00 3.00 5.33 5.50 4.33
2.00 2.00 4.00 3.00 3.00 1.50 3.00 3.00 3.00 4.00 4.00 4.50 3.33 4.00 5.00 4.50 3.67 3.50 4.00 3.00 2.50 3.60 2.25 3.20 3.00 3.00 2.67 1.67 1.00 6.67 7.00 7.00
1.67 1.50 1.33 1.50 1.33 1.00 3.67 3.00 2.33 3.50 4.00 6.00 5.67 5.50 5.00 5.50 4.00 4.00 3.33 2.20 3.00 2.60 2.75 1.80 1.33 2.00 2.00 1.33 2.50 6.67 6.50 5.00
3.67 3.00 3.67 4.50 2.67 2.00 2.67 2.67 3.00 3.50 3.67 3.50 5.00 4.00 4.67 4.00 4.00 3.75 3.67 3.20 3.50 2.80 2.05 2.40 4.00 4.00 4.00 2.67 1.00 5.67 5.50 7.00
1.33 1.50 3.67 2.50 2.33 3.00 3.33 2.33 2.00 2.50 3.67 3.50 3.67 4.00 3.00 3.00 3.33 2.00 2.33 2.60 2.75 2.00 2.00 2.20 2.33 3.00 3.33 2.00 2.00 4.33 4.50 3.67
2.67 1.50 1.33 3.00 2.67 3.00 3.00 3.00 3.00 4.00 4.67 3.50 5.67 6.00 6.00 6.00 4.00 4.00 4.00 2.80 2.50 1.80 2.00 1.60 3.33 3.67 2.00 1.00 1.00 7.00 7.00 6.33
2.67 1.00 1.00 1.00 1.67 1.00 3.00 2.33 3.67 3.00 6.00 6.00 6.00 6.00 6.00 6.00 3.67 4.00 4.00 2.80 4.00 3.00 1.00 2.00 3.67 4.33 4.00 2.67 2.50 6.33 6.50 7.00
4.67 3.00 5.33 4.00 5.33 2.50 3.00 1.67 2.33 3.00 1.33 3.00 4.33 4.00 2.33 2.00 1.67 1.50 1.33 2.80 2.50 3.20 2.75 3.00 5.67 6.33 6.33 3.67 5.00 3.67 5.50 4.00
2.00 1.50 2.00 2.50 3.00 2.50 3.33 2.33 2.33 4.00 5.33 5.50 5.00 5.00 5.00 5.00 4.00 4.00 4.00 2.20 3.00 2.20 1.25 1.60 3.00 2.33 1.33 1.33 1.00 7.00 7.00 7.00
3.33 2.00 3.33 3.50 3.33 2.00 2.67 2.00 2.33 2.00 4.67 4.50 4.33 4.00 5.33 4.50 3.33 4.00 3.67 3.00 2.50 2.60 2.75 2.20 4.67 4.00 2.67 4.67 1.60 6.67 6.00 7.00
2.67 2.00 3.67 4.00 4.67 3.00 2.33 1.67 3.67 2.00 4.67 4.50 4.33 5.50 4.67 4.50 3.67 3.50 3.67 2.00 2.25 2.00 1.50 2.20 5.33 5.00 5.00 1.67 1.00 6.33 6.50 6.33
3.33 1.00 3.67 2.50 4.00 5.50 2.67 3.33 3.00 2.50 5.33 5.00 4.33 5.50 5.33 4.50 3.67 3.75 3.67 2.80 3.75 3.80 3.50 3.40 4.67 3.67 3.33 4.33 2.50 5.67 4.50 5.67
2.33 2.00 4.00 3.50 4.33 2.50 2.33 2.67 3.33 3.50 2.33 2.00 2.33 3.00 2.67 3.00 3.00 2.75 2.67 2.60 3.25 3.00 2.00 3.60 6.33 6.67 5.33 1.67 2.00 6.67 6.50 6.00
4.67 3.50 5.00 4.50 5.33 5.00 3.67 1.67 2.33 3.00 1.67 2.00 2.33 2.00 5.00 5.00 3.67 3.50 3.67 2.80 3.75 4.00 3.25 3.40 6.67 6.67 5.00 6.00 3.00 5.33 6.00 7.00
1.33 1.50 1.67 6.00 3.00 1.50 3.00 2.67 3.00 2.50 5.00 5.00 6.00 6.00 5.67 6.00 3.67 4.00 3.33 2.00 3.25 2.00 1.50 1.40 5.33 5.67 3.67 2.33 1.50 6.33 6.50 5.67
2.67 1.50 4.00 2.50 1.67 1.00 3.67 3.00 3.33 4.00 4.33 5.00 5.67 5.00 5.33 4.50 4.00 4.00 3.67 2.60 3.75 3.00 2.75 2.60 2.67 3.33 1.67 1.67 1.50 6.67 6.50 6.00
3.33 2.00 3.00 4.50 4.67 4.50 3.67 2.00 2.67 2.00 3.67 2.50 4.67 4.00 4.33 3.00 3.67 2.75 2.67 3.20 2.25 2.40 2.75 3.00 4.67 5.33 4.67 1.33 1.50 6.00 6.00 5.67
3.67 1.50 2.67 4.00 4.67 2.50 2.67 2.33 3.00 4.00 5.00 5.00 5.67 6.00 4.00 4.50 3.67 3.50 3.33 3.80 4.00 3.40 2.75 3.20 4.00 4.33 4.67 1.33 2.00 6.00 6.00 5.67
2.67 2.00 3.33 4.00 2.33 3.00 3.33 3.67 3.33 4.00 2.33 2.00 3.67 2.50 3.33 4.50 3.67 3.00 3.33 4.00 4.25 3.00 2.50 3.20 4.33 5.33 4.33 2.67 3.50 6.33 6.50 6.67
1.33 1.00 1.33 1.00 1.00 1.00 3.67 3.00 3.33 3.50 5.33 5.50 6.00 6.00 5.67 6.00 3.67 4.00 4.00 2.00 3.00 2.40 2.25 2.00 1.67 1.33 1.33 1.00 1.00 7.00 7.00 7.00
4.33 2.00 3.67 2.00 2.67 1.50 2.00 3.33 2.67 3.50 3.33 5.50 5.67 6.00 4.00 5.00 3.33 3.75 3.33 2.00 2.75 3.00 1.50 2.20 4.33 2.00 3.67 3.00 1.50 6.67 7.00 6.33
1.67 3.00 3.00 2.00 1.67 2.00 3.70 2.27 3.10 3.65 3.67 5.00 4.33 5.00 3.33 5.00 4.00 4.00 4.00 3.60 3.50 3.60 2.25 2.60 1.67 2.33 1.67 1.00 1.00 5.67 4.50 6.67
2.00 5.00 4.33 5.50 3.00 1.00 3.00 2.00 2.33 3.50 3.67 4.50 3.33 4.50 4.00 6.00 2.33 2.50 2.33 3.20 2.75 2.80 2.00 2.80 5.33 5.33 6.00 2.67 2.00 5.80 6.50 6.67
2.67 2.00 4.67 4.00 4.67 4.00 2.33 2.33 3.33 3.50 4.00 4.00 2.33 3.00 5.00 5.00 3.67 3.50 3.67 3.20 3.50 3.20 2.75 2.80 3.33 4.67 3.00 2.67 3.00 5.00 5.50 4.67
2.00 2.00 1.67 2.00 2.33 3.00 3.67 2.67 2.33 3.50 4.67 5.00 6.00 5.50 6.00 5.50 3.67 4.00 3.67 2.20 3.50 2.60 2.50 2.40 3.00 2.67 2.00 1.67 1.50 6.33 6.50 6.33
1.00 1.50 1.00 3.00 3.00 1.50 2.33 2.67 3.33 3.50 4.00 5.00 4.33 5.00 4.33 3.50 4.00 4.00 4.00 2.40 2.25 1.80 1.75 1.20 3.67 2.67 2.33 3.00 1.00 5.00 6.00 6.33
1.00 1.00 2.33 2.00 4.00 1.50 2.67 3.33 3.33 4.00 5.33 4.50 6.00 5.50 5.33 5.00 3.33 4.00 3.67 2.60 4.25 2.80 1.50 2.60 4.33 4.33 5.33 2.33 1.00 6.00 6.50 6.00
1.00 1.00 2.67 1.50 2.67 2.50 4.00 2.33 3.00 4.00 3.67 6.00 6.00 6.00 6.00 6.00 4.00 4.00 4.00 2.60 1.75 2.80 1.75 2.20 4.67 3.33 1.33 1.67 1.00 6.33 5.50 5.67
1.33 1.00 3.33 1.00 1.67 1.00 2.67 3.33 3.33 4.00 5.33 6.00 6.00 6.00 6.00 6.00 4.00 4.00 4.00 1.80 1.50 2.20 1.75 1.40 2.00 3.33 1.67 1.33 1.50 6.67 6.50 6.33
1.00 1.00 2.33 2.00 1.33 1.00 1.00 1.00 1.67 1.50 4.33 5.00 6.00 5.50 5.67 5.50 4.00 4.00 4.00 2.60 2.75 1.80 1.50 1.20 4.33 4.33 1.67 3.00 1.50 5.67 5.00 5.00
1.00 1.00 2.33 1.00 1.00 1.00 4.00 3.33 3.67 4.00 6.00 6.00 4.33 3.50 5.00 4.50 4.00 4.00 4.00 2.60 3.00 3.20 1.25 1.80 1.67 1.33 1.00 1.00 1.00 7.00 6.50 7.00
2.00 2.50 1.67 2.00 2.33 3.00 2.67 2.87 2.97 3.65 4.67 5.00 4.33 5.50 4.33 5.00 3.00 4.00 3.67 2.40 2.50 2.40 2.25 2.40 3.67 3.67 2.67 1.67 1.00 6.33 7.00 7.00
1.00 1.00 1.00 1.00 3.00 1.00 3.67 2.67 2.33 3.00 5.33 6.00 5.67 6.00 4.67 5.50 4.00 3.25 4.00 1.60 3.00 2.60 1.75 1.40 4.67 4.67 4.33 4.67 5.00 6.67 5.50 6.67
2.67 2.00 2.00 4.00 3.33 3.50 3.33 2.67 2.67 4.00 4.67 4.50 4.67 4.50 3.67 4.00 4.00 4.00 4.00 3.00 3.50 3.40 3.25 2.80 3.67 2.33 2.00 1.00 1.50 7.00 7.00 7.00
2.33 3.00 3.00 2.00 3.00 2.50 2.67 3.00 3.00 3.00 4.00 5.00 5.67 5.50 6.00 5.00 2.67 3.25 3.00 3.00 2.25 3.00 3.50 3.20 3.67 4.00 3.00 2.33 2.50 4.67 5.00 5.33
2.00 1.50 4.00 3.50 3.00 2.50 1.67 2.67 2.33 2.50 4.00 1.50 3.33 3.50 4.00 3.50 4.00 4.00 4.00 2.60 3.00 3.20 3.00 3.00 6.67 6.67 2.67 3.00 1.00 7.00 7.00 5.67
2.33 3.00 2.33 4.00 3.67 1.50 3.33 3.00 2.67 2.50 2.67 3.00 1.67 2.00 4.33 4.00 3.67 2.75 2.67 3.20 3.25 2.40 3.50 2.10 3.00 3.67 2.33 1.33 3.50 6.67 6.50 7.00
2.33 2.00 1.67 2.00 2.67 3.50 3.13 2.83 3.10 3.65 2.33 3.50 4.00 4.50 4.67 3.00 4.00 4.00 4.00 2.80 3.50 2.60 1.70 2.20 2.33 3.00 2.00 1.33 1.50 7.00 7.00 7.00
1.00 1.00 1.00 3.50 2.67 5.00 3.00 4.00 4.00 4.00 5.00 6.00 6.00 6.00 6.00 6.00 4.00 4.00 4.00 1.60 1.75 1.80 1.80 1.50 2.33 2.00 1.00 1.00 1.00 7.00 7.00 7.00
1.67 2.00 1.67 3.50 3.67 2.00 2.67 2.33 2.33 2.50 4.33 4.50 6.00 6.00 5.67 5.00 3.67 3.50 3.67 2.60 3.25 3.40 2.25 2.00 2.00 2.00 2.33 1.00 1.00 5.67 6.50 6.67
2.33 2.00 3.00 2.00 2.67 1.50 3.67 3.33 3.33 4.00 4.33 5.00 4.33 5.00 4.67 4.00 3.67 3.75 3.00 2.40 2.50 2.60 1.75 2.20 3.00 3.00 2.00 1.67 3.50 6.00 5.50 6.00
1.67 1.00 4.00 3.00 3.00 2.50 2.67 3.00 3.67 4.00 4.00 6.00 5.67 6.00 5.00 6.00 4.00 4.00 4.00 2.60 3.25 3.20 1.50 2.60 2.00 2.33 2.00 2.67 1.50 7.00 7.00 7.00
3.33 3.00 3.33 3.00 3.33 5.50 2.67 2.00 2.33 3.00 6.00 6.00 5.33 5.50 5.33 5.50 2.67 2.75 2.67 2.40 3.50 1.40 3.00 3.00 3.00 2.67 1.67 1.67 1.00 7.00 7.00 7.00
1.33 3.50 1.67 1.00 2.33 1.00 3.00 3.00 3.67 4.00 5.67 6.00 6.00 6.00 6.00 5.50 4.00 4.00 4.00 1.80 2.50 1.40 2.05 1.50 4.33 3.00 2.67 2.00 1.50 7.00 7.00 6.67
2.33 2.00 3.33 3.50 2.33 3.00 2.67 2.67 2.67 3.50 4.67 5.00 4.67 5.00 4.67 5.00 3.67 3.75 4.00 3.40 3.50 3.60 2.75 2.80 5.33 3.67 3.33 2.33 2.50 7.00 7.00 6.33
2.00 3.00 3.33 2.00 4.00 3.50 2.33 3.00 3.00 3.50 5.00 3.50 5.00 5.00 5.33 5.00 3.33 3.00 3.33 3.40 2.75 3.40 2.25 3.20 3.33 3.00 3.67 1.00 1.00 6.33 6.50 5.33
3.33 2.00 3.67 3.50 2.67 3.50 2.67 3.33 3.33 3.50 4.00 5.50 4.67 5.00 4.00 5.00 3.00 4.00 4.00 2.60 3.00 2.60 2.30 2.20 4.33 3.67 2.67 1.67 2.50 5.67 6.50 6.67
1.67 4.00 3.00 3.50 2.33 2.00 4.00 3.67 4.00 4.00 4.33 4.50 5.67 5.00 5.67 5.50 3.00 3.00 3.33 2.80 2.75 3.00 2.00 1.80 1.33 2.33 1.67 1.33 1.00 6.67 7.00 6.67
2.67 2.50 3.33 4.00 3.33 3.50 3.33 2.33 3.33 3.00 4.67 4.50 4.33 4.50 4.67 4.00 3.00 2.50 3.00 2.60 2.75 2.60 2.30 2.50 5.00 4.67 5.33 5.00 1.00 7.00 7.00 6.67
3.00 3.00 4.00 4.50 5.33 2.50 3.00 2.00 2.67 2.00 3.00 4.00 4.00 3.50 3.67 3.50 3.67 3.50 2.67 3.60 4.00 2.80 2.25 3.20 4.67 4.00 4.33 5.33 3.50 5.33 5.00 6.33
2.00 2.00 2.33 3.50 2.67 2.00 2.77 1.67 2.67 3.00 4.33 3.50 5.00 5.00 5.00 5.00 3.00 3.50 2.67 2.80 2.25 3.00 2.00 2.40 5.67 6.33 4.67 4.00 2.50 4.33 5.00 5.33
1.33 1.00 5.67 3.50 3.67 1.00 3.00 2.67 3.33 4.00 4.00 6.00 5.67 3.50 6.00 5.50 4.00 3.75 4.00 3.40 3.25 4.00 2.30 2.00 1.67 3.33 1.33 1.00 1.00 6.33 7.00 7.00
2.00 1.50 2.67 2.00 3.33 3.00 3.67 3.00 3.33 2.50 3.33 3.50 5.00 5.00 4.67 4.50 2.33 3.25 3.00 2.60 3.00 3.20 3.25 3.00 4.33 3.00 2.67 1.00 1.00 6.67 7.00 7.00
3.00 4.50 5.00 5.00 5.33 3.50 3.00 2.33 3.33 3.00 2.00 3.50 2.33 3.00 5.33 6.00 4.00 4.00 4.00 3.00 3.25 2.40 1.50 1.80 5.33 5.67 6.00 1.67 1.00 6.00 6.00 4.67
1.67 1.00 1.00 1.50 1.67 1.00 3.00 3.33 3.67 4.00 4.67 5.00 5.67 5.50 5.33 5.00 3.00 3.75 3.33 3.00 3.25 2.00 1.75 2.20 3.67 3.33 3.67 1.33 1.00 5.33 5.50 6.00
2.33 1.50 2.00 4.00 3.33 3.00 3.00 2.67 3.67 3.50 4.00 5.50 6.00 5.50 5.67 5.00 3.67 4.00 4.00 2.60 3.50 2.20 1.50 2.40 3.33 3.00 3.00 1.33 1.00 6.67 6.50 7.00
5.33 1.50 3.33 4.00 3.67 6.00 3.67 2.33 2.67 3.00 2.00 3.50 3.67 3.00 4.33 4.00 3.33 3.75 3.00 3.80 3.75 3.80 2.50 4.40 5.33 6.00 5.00 3.67 4.00 5.33 5.50 6.33
1.67 1.00 4.00 3.50 3.00 1.50 3.67 3.00 3.00 3.00 4.67 5.00 5.00 5.00 5.33 4.00 4.00 3.75 3.67 2.40 2.75 2.40 2.25 2.80 4.33 5.67 2.33 2.33 1.50 6.00 7.00 7.00
3.67 3.50 4.00 4.00 4.00 3.00 1.67 2.87 2.63 2.65 3.67 3.50 3.33 3.50 3.33 3.50 1.67 3.00 2.33 2.80 2.75 2.40 2.50 2.60 4.67 5.67 5.00 4.67 6.00 5.00 4.50 5.00
2.33 2.00 2.33 4.00 3.00 2.50 3.00 2.67 3.00 3.50 4.00 5.00 4.67 5.00 4.67 4.50 3.67 3.00 3.33 2.80 2.75 2.60 2.25 2.20 3.00 2.67 2.00 2.33 1.50 5.67 5.50 6.00
1.00 1.00 1.33 1.00 1.33 1.00 3.33 3.00 2.33 4.00 4.67 5.00 6.00 5.00 6.00 5.00 4.00 4.00 4.00 3.00 3.25 4.00 3.25 2.60 1.67 1.67 1.00 1.67 1.50 6.33 7.00 6.00
1.00 1.00 2.00 1.00 1.33 1.50 3.67 3.67 3.67 4.00 5.67 4.00 5.00 5.00 5.67 5.50 3.33 4.00 3.33 3.20 2.75 2.80 2.25 1.80 1.33 1.33 1.00 1.00 1.00 6.33 6.50 6.00
2.00 1.50 3.00 3.50 2.67 2.50 3.00 2.33 2.67 3.00 4.00 5.00 5.00 5.50 4.67 5.00 3.67 3.75 3.33 3.20 3.25 2.80 3.00 3.00 3.33 3.33 2.00 4.33 2.00 6.33 5.50 5.67
2.67 2.00 2.33 3.50 4.33 4.00 2.67 2.67 3.33 3.00 3.67 4.00 4.67 4.50 4.33 4.00 3.00 3.50 3.33 3.40 3.50 3.00 2.75 3.20 4.67 5.33 4.67 2.33 2.00 4.33 5.00 5.33
1.00 1.50 1.33 2.00 2.00 2.00 2.33 2.00 2.00 3.00 4.67 4.50 4.33 5.00 5.67 5.50 3.67 3.75 3.67 2.60 3.50 2.60 2.50 2.40 4.00 3.67 3.00 1.33 1.50 6.67 7.00 6.67
4.00 4.00 4.33 4.00 3.33 3.50 2.67 2.33 3.33 3.00 3.00 4.00 3.67 3.50 4.67 4.00 2.00 2.00 1.33 3.60 3.47 3.20 2.80 3.40 4.00 3.67 4.33 3.33 2.50 5.00 5.50 5.67
2.00 3.00 2.67 4.00 3.67 3.00 2.33 2.67 2.67 3.50 3.67 4.50 4.33 4.00 4.33 5.00 3.67 3.50 3.00 2.40 2.25 2.60 2.00 2.20 4.67 4.33 3.33 2.33 1.50 5.33 5.50 5.67
1.67 1.50 2.33 2.00 3.00 1.50 1.67 2.33 2.67 2.50 5.00 6.00 6.00 6.00 5.00 4.50 3.33 3.75 2.67 2.20 2.50 2.00 2.25 2.60 1.67 2.33 2.00 1.67 1.00 6.33 7.00 7.00
3.33 2.00 2.33 3.50 4.00 2.50 3.00 2.00 2.67 2.00 4.00 4.50 5.33 6.00 4.67 5.00 4.00 4.00 4.00 2.40 2.00 1.40 1.75 1.60 4.33 4.33 5.67 2.00 2.50 6.00 6.00 6.33
2.67 2.00 3.00 3.50 4.00 2.00 3.00 3.00 3.33 3.50 4.33 5.00 5.33 5.50 3.67 3.50 3.67 3.75 3.67 3.40 3.50 2.60 3.00 3.00 4.67 5.33 4.33 3.00 1.50 5.00 5.50 5.33
1.00 1.00 1.33 1.00 2.00 1.00 4.00 2.67 3.00 4.00 5.67 6.00 6.00 6.00 6.00 6.00 4.00 4.00 4.00 2.20 2.75 2.60 2.47 2.00 4.33 4.33 2.00 1.67 4.50 5.67 7.00 7.00
4.33 3.00 3.00 4.00 4.33 3.00 2.00 2.67 3.00 3.00 2.33 2.50 4.33 4.00 4.33 3.50 4.00 4.00 4.00 4.20 3.75 3.20 2.75 3.40 5.00 4.00 2.33 2.33 1.50 7.00 6.50 7.00
1.67 1.50 4.00 2.50 2.67 2.50 3.00 2.67 3.00 2.00 2.33 2.00 2.00 1.50 5.00 5.50 4.00 4.00 4.00 3.00 3.75 2.80 2.00 2.40 3.33 3.00 2.67 1.67 1.50 6.33 6.50 6.67
2.00 2.00 3.33 4.00 2.33 2.00 3.33 2.67 3.00 2.50 3.67 5.00 6.00 5.50 3.27 2.00 3.33 3.25 2.33 3.80 3.75 3.20 3.25 3.00 4.33 5.00 2.33 2.67 2.00 5.00 5.50 6.00
1.33 1.00 1.67 3.00 2.67 1.00 2.67 2.00 3.00 3.50 4.67 6.00 6.00 6.00 5.33 4.00 4.00 4.00 3.67 2.60 3.00 2.80 1.25 1.40 4.00 3.67 4.33 3.00 3.50 5.33 6.50 5.33
2.33 2.50 4.67 5.00 4.00 3.50 2.67 2.67 2.67 3.00 6.00 5.50 6.00 6.00 6.00 6.00 3.00 2.50 2.33 3.80 3.25 3.40 2.50 3.80 3.67 3.00 2.33 3.00 1.00 6.67 6.50 5.33
2.33 1.50 4.67 4.00 5.00 2.50 3.00 4.00 3.33 4.00 5.00 3.50 4.67 5.50 5.00 4.50 4.00 4.00 4.00 3.00 4.00 2.40 1.75 2.80 4.33 3.67 4.00 1.67 1.00 6.67 6.00 6.33
1.67 1.50 2.00 1.50 3.67 2.50 2.33 2.33 2.67 2.00 4.33 5.50 5.67 6.00 6.00 5.50 4.00 4.00 3.67 1.60 2.50 2.80 1.25 1.80 5.33 5.00 4.33 4.67 4.50 6.00 6.00 5.33
4.00 5.00 4.33 6.00 4.67 5.50 2.00 2.67 2.33 2.50 2.33 3.50 4.00 3.50 5.33 4.50 3.67 3.75 4.00 3.00 3.25 3.20 2.50 2.60 5.67 5.00 5.00 2.33 2.00 5.33 6.00 5.67
2.67 2.00 3.33 2.00 2.00 1.00 3.00 2.67 2.33 3.50 4.33 5.00 4.33 5.50 4.67 3.00 4.00 3.75 3.33 2.60 2.75 2.80 2.50 2.80 3.67 4.00 4.00 2.00 2.50 6.67 6.00 6.33
1.33 1.00 4.67 3.00 2.00 1.00 3.67 2.67 3.67 4.00 4.67 5.50 4.67 5.50 5.67 5.50 4.00 3.25 4.00 2.80 3.50 1.80 2.00 1.60 2.00 1.33 1.33 1.00 1.00 7.00 6.50 7.00
2.67 3.00 4.67 5.00 4.67 3.00 2.67 2.67 2.67 3.00 3.67 3.00 4.00 3.50 6.00 5.50 4.00 4.00 4.00 2.80 2.75 3.60 2.00 3.00 4.67 4.67 5.00 3.67 3.00 5.00 4.00 3.67
2.33 2.00 2.33 4.00 3.67 4.00 3.67 3.00 3.67 4.00 4.33 4.50 5.00 5.00 4.67 4.50 4.00 4.00 4.00 2.80 2.25 3.40 1.25 1.80 5.67 5.00 4.33 2.67 2.50 5.33 5.50 6.00
2.00 2.50 3.00 3.50 3.67 4.00 3.33 3.67 3.67 3.50 4.00 4.50 5.00 4.50 4.33 4.50 3.00 3.75 3.67 3.00 3.00 2.20 2.00 3.00 4.33 4.00 4.67 2.67 2.00 5.67 6.00 6.33
4.00 3.50 3.67 4.00 3.33 3.50 3.67 3.33 3.00 4.00 5.00 3.50 4.00 5.50 5.33 5.50 3.00 3.00 3.00 2.40 2.50 2.40 2.00 2.00 1.67 2.00 1.33 1.00 1.00 6.00 6.50 6.33
1.67 1.50 1.67 2.00 2.00 2.00 3.00 2.00 3.00 2.00 4.00 5.00 5.00 5.00 4.67 5.00 4.00 4.00 3.33 2.00 3.50 1.60 1.50 1.60 4.67 3.33 3.67 2.00 1.50 6.33 7.00 7.00
2.67 3.00 3.67 3.50 4.00 3.50 3.00 2.33 2.67 3.50 3.33 4.00 3.33 4.00 3.33 4.00 3.00 1.75 2.67 2.60 3.50 2.60 2.75 3.00 3.33 4.00 3.67 3.00 1.50 5.67 5.50 5.67
1.33 1.00 3.00 3.00 5.00 4.00 2.67 2.00 3.67 3.50 4.67 6.00 5.33 6.00 5.33 5.00 4.00 4.00 3.33 3.20 3.25 2.40 2.75 1.80 2.67 1.33 2.00 2.33 1.00 7.00 7.00 7.00
4.00 5.50 5.33 3.50 6.00 3.50 1.00 1.33 2.33 1.50 2.33 2.50 1.67 2.00 2.00 3.00 3.67 3.75 3.33 3.00 3.50 3.60 3.00 2.40 5.00 4.00 4.00 2.67 1.50 5.00 6.00 6.67
2.00 2.50 4.00 6.00 3.67 3.50 3.00 3.00 3.67 3.00 3.33 4.00 5.67 5.00 3.33 3.00 3.33 3.75 3.33 2.20 3.25 2.80 2.75 2.60 2.33 3.00 3.33 1.00 1.00 5.67 7.00 5.67
4.00 1.50 1.00 4.00 1.00 2.50 3.00 2.67 2.33 3.50 4.33 1.00 5.33 5.50 5.67 5.00 3.00 3.50 3.67 2.60 2.00 3.00 1.00 1.40 2.67 3.67 2.33 1.00 1.00 5.00 7.00 7.00
1.33 1.50 1.33 4.00 4.33 2.50 2.67 2.00 3.00 3.00 4.00 5.00 3.67 4.50 5.67 5.50 4.00 4.00 4.00 2.60 3.25 2.40 1.75 3.60 4.33 5.00 3.67 2.67 1.00 6.67 6.00 6.67
1.00 1.00 1.00 1.00 2.00 1.00 3.33 3.00 3.33 4.00 5.67 6.00 6.00 6.00 5.00 5.50 3.67 4.00 4.00 2.00 2.25 3.20 2.00 1.80 2.00 2.33 1.67 1.33 1.00 6.67 6.50 7.00
2.33 2.00 2.67 3.00 3.00 2.00 3.33 3.33 3.33 3.50 4.33 5.00 6.00 6.00 5.67 5.50 3.67 4.00 3.67 3.20 3.50 3.20 2.75 3.00 4.33 4.33 4.00 2.33 1.00 6.67 7.00 6.33
1.67 1.00 1.33 2.00 2.00 1.50 3.00 3.00 3.33 4.00 3.33 5.50 5.67 5.00 5.00 5.00 3.33 4.00 3.00 2.80 2.25 2.20 3.50 1.60 3.00 2.00 2.33 2.33 1.50 6.67 4.00 6.33
3.33 3.00 2.67 4.00 4.33 3.00 2.67 2.00 2.67 3.50 3.33 3.50 4.33 4.00 5.00 4.00 3.00 3.50 3.33 3.20 4.00 3.00 2.75 2.00 3.67 3.67 5.33 3.33 3.50 5.67 5.00 6.33
2.00 2.50 5.00 4.50 4.00 3.50 2.67 2.33 2.33 3.50 2.00 2.00 2.33 1.50 4.67 3.50 3.33 3.50 3.33 3.80 3.00 3.00 2.75 3.20 4.67 4.67 4.33 1.67 1.50 5.33 6.00 5.67
3.00 1.50 4.33 5.00 5.00 3.50 3.67 2.67 2.33 3.50 2.00 2.50 2.33 2.00 5.00 5.50 2.67 2.00 2.33 4.00 4.25 4.40 4.00 3.00 3.33 2.67 2.33 1.00 1.00 6.67 7.00 6.67
1.00 1.50 3.00 3.50 2.67 1.50 3.67 3.33 3.67 3.50 5.33 5.00 5.67 5.00 5.33 5.00 4.00 4.00 4.00 2.80 2.25 2.00 1.50 1.80 4.33 3.33 2.67 1.33 1.00 6.33 6.50 6.33
1.00 1.00 1.00 1.00 1.67 1.50 3.33 3.53 3.00 4.00 1.67 2.50 6.00 5.50 5.33 6.00 4.00 4.00 4.00 2.20 2.50 2.80 1.75 2.60 2.67 2.00 1.67 1.67 1.00 7.00 7.00 7.00
2.67 1.00 4.33 3.00 2.00 2.00 3.00 2.33 2.67 4.00 3.33 4.50 5.00 5.50 3.33 5.00 4.00 3.50 3.67 3.00 4.50 3.20 2.50 2.60 2.67 2.67 2.00 1.67 1.00 6.67 7.00 7.00
1.00 1.00 1.00 3.00 4.00 1.00 3.67 2.00 2.67 3.00 4.33 6.00 6.00 6.00 5.33 5.50 3.67 4.00 3.33 2.20 2.50 2.40 1.25 1.80 5.33 4.33 5.00 3.67 2.00 5.67 5.50 6.67
1.33 3.00 3.00 2.50 4.33 3.50 3.00 2.67 3.33 3.50 2.00 3.00 4.00 1.50 1.33 3.25 3.67 3.50 3.33 3.40 2.75 3.00 2.50 3.00 2.67 3.67 3.33 2.67 3.00 6.00 6.65 6.00
2.73 3.00 2.80 3.50 3.67 3.00 2.33 2.00 2.67 2.50 2.67 1.50 3.33 2.50 3.00 3.00 2.67 2.25 2.00 3.40 3.00 3.20 2.25 3.00 4.67 4.00 6.00 2.73 4.00 5.33 5.50 4.67
1.67 1.00 2.33 1.50 1.33 2.00 3.33 2.67 3.67 4.00 2.67 4.50 6.00 6.00 6.00 5.50 4.00 1.75 4.00 3.14 2.25 2.20 1.80 2.92 2.00 2.00 1.67 1.33 1.00 6.67 6.00 6.67
1.33 1.00 1.67 1.00 1.00 1.00 3.33 3.00 3.67 4.00 5.33 4.00 5.33 5.50 5.33 6.00 3.33 3.25 3.67 1.80 2.00 2.00 1.00 1.80 2.67 2.67 1.33 1.00 1.00 6.67 6.50 7.00
2.07 1.50 2.03 3.50 3.67 3.50 2.00 2.33 2.33 2.00 3.67 3.50 4.33 5.00 5.33 4.00 4.00 4.00 3.33 2.40 3.25 2.20 2.55 2.60 5.67 5.33 6.67 4.00 3.00 4.67 5.50 5.33
2.67 2.00 2.67 2.00 1.67 1.50 4.00 3.00 3.33 4.00 4.67 5.50 4.00 4.00 4.00 5.00 3.67 4.00 4.00 2.00 2.00 2.20 2.55 1.40 3.67 4.00 2.33 2.67 2.00 5.67 6.50 5.33
2.67 2.00 3.67 2.00 3.33 2.50 2.67 2.00 2.67 3.50 4.00 3.50 5.00 4.00 5.67 6.00 3.67 4.00 3.33 2.00 3.50 3.80 3.25 2.20 4.67 4.67 3.67 4.33 4.00 4.00 4.50 4.67
1.00 1.00 2.67 1.00 2.67 1.00 2.67 2.00 2.33 2.50 4.33 6.00 6.00 6.00 6.00 4.50 3.67 3.50 4.00 1.80 3.00 2.20 1.00 2.00 3.00 4.00 4.67 1.67 2.00 6.00 6.50 6.33
3.00 3.00 3.33 3.00 2.67 2.50 2.33 1.67 2.63 2.00 3.33 3.50 4.00 4.00 4.00 4.00 3.00 3.00 3.00 3.20 3.00 2.80 2.75 3.00 2.00 3.33 3.00 2.00 1.50 6.00 6.00 6.00
2.67 4.00 2.67 3.50 3.67 3.50 3.00 2.33 3.00 1.50 4.00 3.00 3.67 4.00 4.00 3.00 3.67 3.75 3.00 3.20 2.75 2.60 2.25 2.20 3.67 2.67 3.00 2.67 2.00 3.67 4.50 4.33
2.67 2.00 3.67 4.50 3.33 2.00 3.00 3.00 4.00 2.50 4.00 5.50 5.67 6.00 5.33 5.50 3.67 4.00 4.00 2.60 2.75 3.00 2.25 2.40 4.67 4.00 3.67 2.33 2.50 5.67 6.50 7.00
2.67 2.50 2.67 3.00 3.33 3.00 3.33 2.33 2.67 3.00 3.67 3.50 4.00 4.00 4.33 3.50 3.00 2.50 2.33 2.80 2.50 2.80 2.50 3.00 4.00 4.00 2.67 3.67 3.00 5.33 5.00 5.33
1.33 1.50 2.00 2.50 2.33 1.50 3.00 3.20 3.30 3.65 4.67 5.50 5.67 5.50 5.00 3.50 3.33 4.00 3.33 2.80 2.50 2.80 1.75 2.20 4.00 3.67 3.33 3.00 2.50 4.67 4.50 4.67
1.33 1.00 1.67 2.50 2.67 2.00 2.33 2.00 3.00 3.00 3.00 6.00 6.00 6.00 6.00 5.50 4.00 4.00 4.00 2.40 3.00 2.00 1.75 1.80 3.00 2.67 1.67 2.67 2.00 6.33 4.50 6.00
2.00 1.50 2.33 2.00 4.33 3.00 2.67 2.67 2.67 2.50 3.33 4.50 4.67 4.50 4.00 4.50 3.67 3.50 3.67 3.40 2.75 3.20 2.50 2.40 6.67 5.67 5.67 1.00 1.00 6.33 6.50 7.00
1.00 1.00 2.33 3.00 2.00 1.00 3.67 3.67 4.00 4.00 5.33 4.50 6.00 6.00 6.00 6.00 4.00 4.00 4.00 2.80 2.50 2.80 2.50 2.60 1.67 2.00 1.00 1.00 1.00 7.00 6.50 7.00
2.00 1.50 2.00 3.00 2.33 1.50 3.33 3.00 3.33 3.00 5.00 4.00 4.00 4.50 5.00 4.50 4.00 4.00 4.00 2.60 3.25 2.20 2.00 2.00 2.67 3.33 2.00 2.33 2.00 6.00 6.00 6.33
1.33 1.50 1.67 1.50 1.67 1.00 2.33 3.33 2.00 3.50 3.00 5.50 4.67 6.00 3.67 4.50 3.67 4.00 3.67 1.60 1.75 2.60 1.50 1.80 4.00 3.00 2.00 3.00 1.00 6.67 7.00 6.67
3.00 4.00 4.67 6.00 5.33 3.00 1.67 1.67 2.00 2.50 5.00 5.50 5.33 4.50 5.33 5.50 3.67 3.50 3.00 3.00 3.75 3.20 3.25 3.00 5.00 5.67 5.67 4.00 6.00 4.67 4.00 4.67
4.33 2.50 3.00 4.50 4.33 2.25 2.67 2.67 3.33 3.50 3.00 3.50 3.00 3.00 3.67 3.50 3.33 3.00 3.33 3.00 2.75 2.60 2.00 2.20 4.67 3.33 3.33 2.00 2.00 6.33 5.50 6.00
2.67 4.50 2.67 3.00 2.67 2.50 3.00 3.00 3.00 3.50 2.67 4.50 5.33 4.50 4.33 4.50 2.67 2.25 2.00 2.60 3.25 2.40 3.75 2.20 4.33 4.33 5.00 3.00 3.50 3.33 5.50 4.67
2.33 2.50 3.33 4.00 4.33 5.00 3.00 2.33 2.67 3.00 3.33 4.00 4.00 4.00 4.67 5.00 3.00 3.00 2.67 2.40 2.75 2.60 2.75 2.40 5.67 6.00 5.67 2.67 2.00 5.67 5.50 6.00
2.67 3.00 3.67 4.00 4.33 3.00 2.70 1.93 2.23 3.15 3.67 2.50 3.00 3.00 3.67 4.00 4.00 4.00 4.00 1.60 2.25 2.00 2.25 2.20 4.33 3.00 2.33 1.00 1.00 6.33 7.00 7.00
1.00 1.00 1.67 4.00 4.33 5.00 3.00 2.33 2.67 3.50 4.00 6.00 6.00 6.00 5.33 6.00 2.33 3.25 2.33 3.80 3.00 3.00 2.25 2.80 6.33 6.67 6.00 3.00 5.00 4.67 4.50 4.67
1.67 2.00 1.67 1.50 2.67 1.00 2.67 2.67 3.33 3.00 3.67 5.50 5.00 5.50 3.67 3.50 3.33 3.00 3.00 3.00 3.50 3.40 3.00 3.00 5.00 4.67 4.67 3.33 1.00 6.33 6.00 5.67
3.00 3.50 4.67 6.00 5.33 4.50 3.33 2.33 2.67 2.50 4.67 4.00 4.00 3.00 4.67 5.00 3.67 3.50 2.67 4.20 2.75 3.60 2.50 3.40 5.67 4.00 5.00 2.67 1.50 5.00 6.50 5.93
3.33 3.00 3.00 4.00 5.00 2.50 2.67 2.67 3.33 3.50 3.33 4.00 3.67 4.50 3.00 4.00 2.67 2.75 2.67 2.80 3.25 2.80 2.75 2.00 6.67 5.00 4.67 4.67 4.00 5.33 5.50 4.67
2.33 1.00 1.00 1.00 1.67 1.00 3.00 3.67 4.00 3.50 3.00 6.00 6.00 6.00 6.00 6.00 3.67 4.00 4.00 2.00 2.25 2.80 1.50 1.60 4.00 4.33 4.33 1.00 1.00 6.33 7.00 7.00
1.00 1.00 4.00 1.50 1.67 1.50 3.67 2.67 3.67 3.50 4.67 6.00 6.00 6.00 5.00 6.00 4.00 4.00 4.00 2.60 4.25 3.20 2.25 2.60 1.33 1.00 1.33 1.33 1.00 7.00 7.00 7.00
2.00 1.00 2.67 1.00 2.00 1.50 3.00 3.33 3.33 4.00 5.00 6.00 5.67 6.00 5.67 5.00 4.00 4.00 4.00 2.60 3.25 2.40 2.00 2.40 2.00 2.00 1.67 1.67 1.00 6.33 6.50 6.67
3.00 4.00 4.33 2.00 2.67 1.50 2.33 2.33 3.67 3.50 2.33 3.50 3.00 3.50 4.67 4.50 3.33 4.00 3.67 2.80 2.75 2.40 2.75 2.60 2.67 2.67 2.00 2.00 1.00 6.67 7.00 7.00
2.00 1.50 3.33 1.50 3.00 2.00 2.33 2.33 2.67 3.50 3.67 6.00 6.00 6.00 6.00 6.00 4.00 4.00 4.00 2.80 2.75 3.60 2.75 2.40 3.00 2.67 2.33 2.00 3.00 6.00 6.00 6.33
2.67 3.50 4.33 5.00 3.67 2.50 2.67 2.67 3.00 3.00 2.00 2.00 2.00 2.50 4.33 4.50 4.00 4.00 3.67 3.20 2.75 2.60 2.25 2.60 5.67 5.33 3.67 3.67 2.50 6.33 6.00 6.33
1.33 1.00 1.00 3.50 3.33 1.00 3.00 2.67 3.33 4.00 5.67 5.50 5.67 6.00 6.00 6.00 3.33 3.25 3.00 1.20 1.75 2.00 1.75 1.40 2.33 2.33 2.00 1.00 1.00 7.00 7.00 7.00
2.53 4.00 5.00 5.00 4.33 2.50 3.00 2.00 3.00 3.50 3.67 2.50 4.67 3.00 5.00 4.50 4.00 4.00 3.00 2.94 3.25 2.80 2.50 2.90 3.00 3.00 5.00 5.33 7.00 2.33 1.50 6.00
2.67 2.50 2.53 2.00 2.67 3.00 3.00 3.67 3.67 3.00 2.00 1.00 1.33 1.50 4.00 4.00 4.00 3.25 3.33 3.42 2.50 3.20 3.05 2.80 4.67 5.33 5.67 1.67 1.60 4.00 5.00 4.67
