2.00 1.00 4.00 6.00 4.67 6.00 2.67 3.33 2.33 4.00 2.67 4.00 4.67 4.50 6.00 6.00 3.67 3.75 3.33 2.40 3.25 1.40 1.75 1.60 4.00 2.33 3.67 3.33 1.00 6.67 6.50 6.67
2.33 2.00 3.33 3.50 3.67 2.50 2.33 2.67 3.00 2.50 4.00 4.00 4.67 5.50 4.67 5.50 3.67 3.50 3.67 3.00 3.00 2.80 2.50 2.80 4.67 4.13 2.67 2.33 1.00 6.53 7.00 4.67
2.00 3.00 2.67 4.00 2.67 1.50 4.00 3.33 3.67 4.00 3.67 2.50 5.00 3.50 4.33 5.00 3.67 3.38 3.43 2.96 2.75 2.80 1.75 2.44 3.33 3.00 3.00 3.67 1.00 6.33 6.65 5.60
3.67 1.00 1.33 3.50 2.67 2.50 4.00 3.00 4.00 3.50 3.67 4.50 5.33 5.50 1.67 2.50 4.00 4.00 4.00 2.20 2.75 2.40 2.00 2.00 3.33 2.33 2.33 2.00 2.00 7.00 7.00 6.33
3.00 2.50 2.33 3.50 4.33 4.00 3.00 2.67 3.00 3.50 3.00 3.50 6.00 6.00 5.33 6.00 3.33 3.25 3.67 3.20 2.50 2.60 2.25 2.40 5.33 5.67 5.00 2.33 1.00 5.67 6.00 6.67
2.33 2.00 2.67 2.50 2.33 2.00 3.00 2.67 3.33 3.50 3.33 4.00 4.33 5.00 5.33 5.00 4.00 4.00 4.00 3.20 3.00 3.40 2.50 2.60 3.33 2.67 2.33 1.67 2.00 6.33 6.50 6.67
2.67 2.00 4.33 5.50 3.67 3.00 2.67 1.67 2.67 2.00 3.00 3.00 4.60 2.00 5.67 4.50 3.33 3.50 3.00 2.00 3.00 2.20 2.00 3.00 4.33 4.00 3.33 2.33 1.00 4.33 5.50 6.00
3.00 2.00 2.33 4.00 4.33 2.50 2.33 2.33 3.00 3.00 4.00 5.00 4.67 5.00 5.00 5.50 4.00 4.00 4.00 2.20 2.50 3.00 1.75 2.00 2.67 2.67 2.67 1.00 1.50 6.67 7.00 7.00
3.33 4.50 5.00 6.00 5.33 5.00 3.00 1.33 3.33 1.00 2.00 1.00 1.00 1.00 5.00 4.50 3.00 3.00 3.00 3.60 3.75 3.40 3.00 3.80 5.00 4.00 5.33 4.67 3.50 5.67 6.00 3.33
2.00 3.00 2.33 3.50 3.67 3.00 3.00 2.67 3.00 3.50 1.33 1.00 2.00 2.00 4.67 4.50 4.00 4.00 3.33 3.20 4.00 3.00 2.25 2.40 5.00 5.00 7.00 2.33 4.00 4.33 5.00 4.67
3.67 2.50 3.33 3.00 3.67 3.50 2.33 2.33 2.67 2.50 3.67 4.00 4.67 4.00 4.00 4.00 3.00 2.50 3.00 3.20 3.50 3.60 3.25 3.40 3.33 4.67 3.67 2.67 2.00 5.33 6.50 5.00
3.67 2.00 3.00 2.00 4.00 2.50 3.67 2.33 2.00 4.00 4.00 5.50 5.33 5.50 5.67 4.50 3.33 4.00 4.00 3.20 3.75 3.00 2.25 2.80 2.00 2.67 1.33 2.00 1.00 6.13 5.50 5.00
3.00 2.00 3.33 3.50 2.67 3.50 3.67 2.67 2.67 3.50 4.33 4.00 4.00 4.00 4.67 4.00 4.00 4.00 3.67 3.20 3.25 2.20 2.75 2.40 5.00 5.00 5.67 4.00 3.50 6.33 7.00 7.00
1.33 1.50 1.00 1.50 2.67 1.50 2.67 1.67 2.67 2.50 4.00 5.00 5.33 5.00 5.33 5.00 3.67 3.25 3.67 2.80 3.00 3.40 2.50 2.40 5.33 5.00 5.00 3.67 3.00 5.00 5.50 6.00
2.33 1.50 3.67 5.00 3.67 2.50 2.67 3.00 3.33 3.50 3.67 4.50 4.00 4.50 4.33 4.50 4.00 3.75 3.33 2.60 3.50 3.00 1.75 2.20 4.00 3.67 4.33 1.33 1.50 6.00 6.50 6.33
3.00 3.00 2.00 2.50 2.33 1.50 3.67 3.00 3.33 4.00 4.67 5.00 4.00 5.00 4.33 5.00 4.00 4.00 3.67 3.00 3.50 2.80 2.00 1.80 5.33 4.33 3.00 2.67 1.50 6.00 6.00 6.00
1.00 1.00 1.00 2.00 1.67 1.50 3.00 2.67 3.67 4.00 4.33 6.00 6.00 6.00 5.67 6.00 3.67 4.00 4.00 2.80 3.72 2.40 1.50 2.40 2.33 2.00 2.00 1.33 1.00 6.33 6.50 6.33
3.00 2.50 2.67 3.50 2.67 2.00 2.00 1.67 3.00 3.50 2.33 5.00 4.67 3.50 4.33 4.00 3.00 3.25 3.33 2.40 2.25 2.20 2.50 2.20 2.33 3.33 3.00 1.67 1.50 5.00 6.00 3.67
1.67 3.00 3.33 5.50 2.67 5.50 3.33 3.33 2.33 3.00 4.33 1.00 4.00 3.50 5.00 5.50 4.00 4.00 3.67 3.40 3.50 3.40 1.75 2.20 5.33 6.00 6.33 3.00 3.00 4.67 5.50 6.33
4.67 1.50 3.67 2.50 2.33 1.00 3.67 1.33 3.33 2.00 4.67 5.50 5.67 5.50 5.33 5.00 3.67 4.00 4.00 3.20 2.50 2.40 1.75 2.20 3.33 4.00 2.67 2.67 1.50 3.67 5.50 4.67
1.67 1.50 1.47 2.00 1.33 1.50 3.43 3.00 3.33 4.00 4.67 6.00 5.67 6.00 5.33 5.50 4.00 4.00 4.00 3.20 2.50 1.80 1.55 1.70 1.67 1.33 1.00 1.00 1.00 6.67 7.00 7.00
2.00 1.50 2.67 2.00 2.33 2.00 2.33 2.00 2.33 3.00 4.33 3.50 4.33 4.50 5.33 5.00 3.33 3.50 3.67 3.00 3.00 2.80 2.25 1.80 2.67 3.33 2.33 2.33 1.50 4.67 4.50 3.67
2.33 1.00 3.67 2.00 3.67 2.00 2.33 1.00 1.67 3.00 5.67 5.50 6.00 5.50 5.00 5.50 4.00 3.75 4.00 3.00 2.50 3.20 2.25 3.40 5.33 4.00 3.67 2.33 1.50 6.67 6.50 6.67
2.00 1.50 2.00 2.50 2.00 2.00 3.33 3.33 3.00 3.50 4.33 4.00 5.33 5.00 5.33 5.00 3.67 3.25 3.33 3.00 3.00 2.20 2.00 2.20 2.33 2.33 2.00 2.67 1.00 4.67 6.00 6.00
1.67 2.00 2.67 4.50 2.67 1.50 2.33 2.67 2.67 3.00 3.00 3.50 3.67 4.00 3.33 3.50 3.33 3.25 3.33 3.80 4.00 3.00 2.50 2.00 4.00 5.00 5.33 4.00 5.00 3.67 4.50 3.67
2.00 3.00 3.33 4.00 5.00 4.00 2.67 2.67 3.00 3.50 4.67 5.50 4.33 5.00 5.00 5.00 3.67 4.00 4.00 3.20 3.00 3.60 2.50 3.20 4.33 3.33 3.33 2.33 1.00 5.33 6.00 5.67
2.33 1.50 2.67 4.00 4.33 3.00 3.00 2.00 3.00 2.50 4.00 3.50 4.33 4.50 4.33 4.00 3.33 3.25 1.67 3.80 3.25 3.80 2.75 3.80 6.00 4.67 5.33 3.33 1.00 6.00 7.00 6.67
2.67 3.50 4.00 4.00 3.67 2.50 3.13 2.83 3.10 2.65 3.00 3.50 3.67 4.50 4.33 4.00 3.00 3.50 3.33 3.00 3.25 2.40 2.75 2.00 4.67 4.67 3.33 3.33 3.00 4.33 5.00 5.00
4.00 2.50 4.33 4.50 4.33 4.00 1.67 1.33 2.00 2.50 3.67 4.00 4.00 4.00 4.00 4.00 2.33 3.00 3.00 3.00 3.25 2.80 2.25 2.80 6.67 7.00 6.67 7.00 7.00 4.00 3.50 5.00
2.00 1.50 4.33 5.50 4.00 6.00 3.33 3.33 3.33 3.50 2.33 1.50 2.00 3.00 4.67 4.50 3.67 3.75 3.67 4.00 4.25 3.80 1.25 3.40 3.33 3.33 3.67 1.00 1.00 7.00 7.00 6.67
2.33 1.50 3.33 3.00 4.33 2.50 3.67 3.33 3.00 3.00 4.33 4.50 5.33 5.00 5.33 5.00 4.00 3.50 3.33 3.00 3.00 3.40 2.25 2.40 3.00 2.67 2.67 3.00 2.50 5.67 6.50 5.33
2.67 2.00 3.33 2.00 3.00 2.00 3.00 2.67 2.33 2.00 4.00 3.50 4.33 4.00 5.00 5.00 3.33 3.50 3.00 3.80 3.50 3.40 2.50 3.20 4.00 4.67 5.00 3.67 4.00 5.00 4.65 5.33
2.00 1.50 1.00 2.00 2.67 3.50 3.67 3.00 3.33 3.00 5.00 4.00 5.33 5.00 4.33 5.00 4.00 3.75 3.67 2.00 2.75 3.40 2.50 1.60 1.67 3.67 1.33 1.33 1.00 7.00 6.50 5.33
1.00 2.00 2.67 1.00 3.00 2.00 2.67 3.00 3.33 4.00 2.67 2.50 3.67 4.50 4.00 4.00 2.33 2.00 2.00 3.60 3.75 2.80 2.50 2.60 2.33 2.67 1.67 2.00 1.00 6.67 6.50 6.67
2.67 1.50 4.00 2.50 2.33 3.00 3.00 2.00 2.33 2.50 5.00 5.00 4.00 5.00 4.67 5.00 3.33 4.00 3.67 2.80 2.50 3.00 2.25 2.60 3.67 3.00 2.33 2.33 1.00 6.00 6.50 7.00
2.00 2.00 3.33 3.50 2.00 1.50 3.33 2.67 2.33 2.50 4.00 6.00 2.67 4.00 3.67 5.50 4.00 4.00 4.00 3.20 3.50 2.80 3.00 3.00 7.00 5.33 3.33 1.33 1.00 7.00 7.00 5.00
3.33 3.50 3.00 2.00 2.67 2.00 3.00 3.00 3.33 4.00 4.00 3.00 3.33 3.50 3.00 4.00 4.00 4.00 3.00 3.40 3.75 3.20 3.50 3.60 2.00 1.67 1.67 1.67 2.00 6.67 7.00 7.00
4.67 2.00 5.00 3.00 4.00 3.50 2.67 2.33 2.67 3.00 3.00 3.00 6.00 5.00 5.67 4.00 4.00 4.00 3.77 3.40 2.75 2.20 1.50 1.20 5.67 5.67 4.33 2.67 1.00 5.67 5.00 5.33
3.67 2.00 3.67 4.00 3.33 2.50 3.67 2.33 2.67 3.50 4.33 5.50 5.00 5.50 3.67 5.00 4.00 4.00 3.67 3.60 3.00 2.60 2.25 2.40 4.33 3.67 2.67 2.67 3.00 5.00 7.00 6.33
1.67 3.00 2.67 5.00 3.33 1.00 2.67 2.67 2.33 3.00 4.00 4.50 5.67 5.00 5.67 6.00 4.00 4.00 4.00 3.00 3.25 3.00 2.25 3.20 4.33 3.00 3.00 2.67 1.00 7.00 6.50 6.33
1.33 1.00 2.33 1.50 2.00 1.00 3.67 3.00 3.67 3.50 5.33 5.00 5.33 5.50 5.67 5.00 3.67 3.25 4.00 2.40 3.00 3.00 1.50 2.40 2.00 2.33 1.67 1.00 1.00 6.33 6.50 7.00
3.67 4.00 4.00 4.00 3.00 2.00 3.00 3.00 2.67 3.50 1.67 2.00 2.33 1.50 2.33 2.00 3.67 3.25 3.33 3.00 3.00 3.20 3.50 2.80 5.00 5.67 5.67 1.33 3.50 5.33 6.00 4.33
2.67 2.50 3.00 2.50 3.33 3.00 3.00 2.67 2.67 4.00 3.33 5.00 5.33 5.00 5.33 4.50 3.00 3.00 3.33 3.20 3.75 3.60 3.25 3.20 3.00 1.00 1.67 4.00 1.00 6.67 6.50 6.33
2.00 3.50 5.00 4.50 2.67 2.00 3.33 2.00 2.67 4.00 2.33 2.00 2.67 2.00 2.67 4.00 4.00 4.00 4.00 2.20 2.25 3.00 1.25 2.20 5.00 5.33 6.00 3.00 2.50 6.00 6.00 5.33
3.33 3.50 4.00 4.00 2.67 3.50 3.00 2.67 2.00 4.00 3.33 1.00 3.00 3.50 2.67 4.50 3.00 2.75 2.67 3.60 3.50 3.40 3.75 3.40 4.67 4.67 4.00 1.67 2.50 5.67 6.50 3.67
1.67 1.50 2.00 4.50 2.33 1.50 3.33 2.67 3.33 4.00 4.00 4.00 5.00 5.00 5.00 5.00 4.00 3.75 3.67 2.60 3.25 2.80 2.25 2.20 4.67 3.67 3.00 1.00 1.00 5.33 5.50 6.67
1.00 1.00 1.33 1.50 4.33 2.00 3.10 3.57 2.67 3.00 5.10 5.50 5.47 6.00 3.17 4.50 3.33 3.50 3.00 2.80 3.75 1.80 1.75 1.80 5.00 4.00 3.33 2.67 1.50 6.33 6.50 6.33
3.00 4.00 5.00 4.50 5.00 2.00 3.67 2.67 3.00 3.50 3.67 5.00 5.33 5.00 4.67 4.00 4.00 4.00 4.00 3.20 3.75 2.40 2.25 2.60 3.67 2.67 2.67 2.33 2.00 6.33 7.00 6.33
2.67 2.50 3.00 3.00 3.33 3.00 3.00 2.33 3.00 3.00 3.33 3.00 3.00 3.00 4.00 3.50 3.00 3.75 3.33 3.40 3.00 3.00 2.50 3.20 1.33 1.67 1.67 1.67 1.00 7.00 6.50 7.00
2.67 2.00 2.33 2.00 2.00 1.50 4.00 3.67 3.33 4.00 4.00 5.50 5.33 5.00 5.33 5.50 3.00 4.00 4.00 2.80 1.50 2.20 2.00 1.00 1.67 1.67 1.67 1.67 1.50 6.33 7.00 7.00
1.33 1.00 2.67 2.50 2.33 1.00 3.33 3.33 4.00 4.00 3.33 6.00 5.67 6.00 5.67 5.50 4.00 3.50 4.00 2.80 3.25 2.40 2.50 2.60 3.00 3.00 2.00 1.33 1.00 7.00 6.50 6.33
2.67 3.00 3.13 3.50 3.67 3.00 3.67 3.33 3.67 4.00 3.33 2.50 3.33 4.50 5.33 6.00 4.00 4.00 4.00 2.20 1.75 2.40 1.25 1.00 5.33 5.00 4.67 1.67 1.00 6.67 6.00 5.67
2.67 1.00 2.00 3.50 2.67 3.50 2.67 2.00 3.00 2.50 2.00 2.50 3.33 4.00 4.67 4.50 3.67 4.00 3.33 3.60 3.00 2.60 2.00 3.40 5.33 4.67 5.33 1.67 1.00 6.33 6.00 6.67
2.00 2.50 2.33 3.00 3.33 2.25 1.67 1.00 2.67 1.50 2.33 2.00 4.00 4.00 4.67 4.50 3.67 4.00 4.00 2.40 2.50 2.80 1.50 2.00 4.00 2.67 3.33 1.00 1.00 5.33 5.50 5.00
4.00 3.00 3.67 3.50 3.67 1.50 3.00 2.33 2.67 4.00 4.00 4.50 5.00 4.50 3.00 4.50 4.00 4.00 3.67 3.80 3.25 2.40 2.50 2.00 4.67 3.33 2.33 2.67 1.00 6.67 6.50 7.00
3.00 3.50 5.00 4.50 2.67 1.50 2.67 2.67 2.67 4.00 2.00 3.50 3.33 3.50 5.67 4.00 3.00 3.00 3.33 3.00 3.25 1.60 1.00 2.40 4.33 3.67 3.67 2.00 2.00 5.33 4.50 6.00
1.67 1.50 1.67 1.50 1.33 3.50 4.00 3.33 3.00 4.00 4.33 5.00 5.33 5.00 5.33 5.00 4.00 4.00 4.00 3.60 3.50 3.40 3.00 3.40 2.00 2.00 1.33 1.33 2.00 6.67 6.00 6.67
1.00 1.50 1.33 3.00 2.33 1.50 2.67 2.67 3.33 4.00 4.00 5.00 4.67 5.00 4.33 3.50 3.67 3.75 3.67 2.40 3.25 2.20 1.75 2.80 4.67 3.67 1.33 1.00 1.50 7.00 7.00 7.00
2.00 2.00 3.00 2.00 2.00 2.00 3.00 3.33 3.00 4.00 5.00 5.00 5.00 5.00 4.67 4.00 4.00 4.00 4.00 3.80 3.00 3.00 3.00 2.80 2.67 2.67 2.00 2.00 2.00 6.33 5.50 6.33
1.67 1.50 1.00 2.00 1.00 1.00 3.67 3.67 3.67 4.00 3.33 4.00 5.67 5.00 4.67 4.50 3.00 3.25 3.67 3.20 2.25 2.80 2.50 2.00 3.00 3.00 2.00 2.00 2.00 6.00 6.00 6.00
2.00 1.50 2.67 4.00 2.67 2.50 3.00 3.33 3.00 3.50 3.00 4.00 4.33 5.00 4.33 5.00 3.67 4.00 3.67 2.40 3.25 3.00 2.00 2.60 5.67 5.67 5.00 5.33 4.00 3.67 5.00 6.00
2.00 1.50 4.00 4.00 3.67 3.00 3.67 3.00 2.33 3.50 5.33 5.50 5.00 5.50 5.00 4.50 4.00 4.00 4.00 3.00 2.50 2.80 2.25 1.80 3.33 2.67 2.33 1.67 1.00 6.67 7.00 6.67
2.33 3.50 3.33 2.50 2.67 2.00 3.33 2.67 2.67 3.50 2.67 4.00 4.33 5.00 4.33 4.50 3.33 3.50 2.67 3.20 3.50 2.80 1.50 2.80 4.00 3.33 3.33 3.33 3.00 4.67 5.50 4.67
1.67 1.00 2.00 2.50 1.00 1.00 2.33 2.67 2.00 1.00 5.00 3.50 6.00 6.00 6.00 6.00 4.00 4.00 4.00 3.80 2.50 2.60 2.50 2.20 2.00 3.00 3.33 1.33 1.00 6.33 6.50 6.33
1.67 1.50 1.00 2.00 1.67 1.00 3.67 2.67 3.00 4.00 4.67 3.00 5.00 5.00 4.33 5.00 3.67 3.75 4.00 2.80 3.75 2.80 2.25 2.80 2.00 1.00 1.00 1.67 2.00 5.67 5.50 5.67
3.00 3.00 3.13 3.00 3.67 4.00 2.67 3.00 2.67 3.50 5.00 3.50 4.67 5.00 5.00 3.50 4.00 4.00 3.33 2.60 2.50 3.40 2.75 2.60 4.33 3.33 3.00 1.33 1.00 6.67 7.00 7.00
2.00 1.50 1.67 2.00 2.00 1.50 3.33 3.00 3.67 4.00 4.33 5.50 5.67 6.00 5.33 6.00 3.67 4.00 3.67 2.20 3.25 2.20 2.00 2.80 3.67 2.67 2.67 1.67 1.00 6.67 6.50 7.00
2.00 2.50 5.67 5.50 6.00 6.00 3.00 3.00 2.67 4.00 1.00 1.00 3.67 3.00 6.00 5.00 3.67 3.25 3.33 3.00 2.50 1.20 1.00 2.20 5.33 4.33 4.00 3.33 2.50 7.00 7.00 6.33
2.33 3.00 2.00 4.00 3.67 4.00 3.00 2.67 3.33 3.50 4.67 4.50 4.00 5.00 5.33 5.00 3.00 3.75 4.00 2.40 3.00 3.00 2.50 2.60 3.00 2.33 2.33 2.67 2.00 6.00 6.50 6.67
1.33 1.00 3.00 1.00 1.33 1.00 3.67 3.00 3.67 3.00 4.67 6.00 6.00 6.00 5.67 6.00 4.00 4.00 4.00 3.20 2.25 1.80 1.50 1.60 2.33 1.67 1.67 1.00 1.00 6.67 6.50 7.00
3.00 4.00 3.33 4.50 4.33 3.00 3.00 3.00 2.67 2.50 3.67 4.00 3.33 5.00 2.33 3.00 2.67 2.75 2.00 3.60 2.75 2.40 3.00 2.60 6.00 5.33 4.33 2.33 1.50 4.67 6.50 5.33
1.67 1.50 2.00 2.00 3.00 2.00 3.33 3.00 3.67 2.00 5.33 5.00 5.33 4.50 5.33 5.00 3.67 3.75 4.00 2.40 3.75 2.40 2.00 2.00 1.67 1.33 1.67 1.67 1.00 7.00 7.00 7.00
3.00 2.50 3.33 4.00 3.33 2.50 3.00 2.67 3.33 4.00 4.00 4.50 3.67 4.50 4.33 4.50 2.67 2.50 2.67 2.20 2.50 2.40 2.00 1.60 4.33 4.33 4.00 2.67 2.00 5.00 6.00 4.33
2.33 2.50 3.00 3.50 3.67 3.50 3.00 2.00 2.33 3.50 3.00 4.50 5.33 5.50 3.00 4.50 2.67 2.50 2.00 3.80 3.25 3.00 2.25 2.80 6.33 5.00 5.00 5.33 4.00 5.33 5.50 6.33
2.00 2.00 2.67 3.00 3.67 3.00 3.00 2.00 2.67 2.50 4.00 5.00 5.67 5.50 5.33 5.00 3.33 3.75 3.67 3.20 2.75 2.80 3.25 2.80 3.00 2.67 2.00 2.67 1.50 6.33 5.00 6.00
1.67 1.50 1.67 1.50 5.33 2.00 3.00 4.00 3.33 4.00 4.33 5.00 4.33 5.50 5.67 5.00 4.00 3.75 4.00 2.80 3.50 1.80 2.00 2.00 3.33 4.00 1.67 1.67 1.50 7.00 7.00 7.00
4.67 5.00 5.67 6.00 5.33 5.50 2.67 2.67 3.00 2.50 1.00 1.00 1.00 1.00 6.00 6.00 4.00 3.25 3.67 2.60 2.72 2.40 2.75 2.80 5.00 2.67 3.33 3.00 4.00 6.00 5.50 5.00
3.67 2.50 3.33 4.00 5.33 4.00 3.00 2.00 2.67 2.50 3.33 4.50 3.00 2.00 3.00 2.50 1.67 1.75 1.67 3.00 3.00 2.80 2.25 2.60 5.33 6.00 6.67 3.33 1.50 3.67 5.00 2.33
2.00 1.50 3.67 4.00 2.67 1.50 3.33 3.00 3.00 4.00 5.33 6.00 6.00 6.00 6.00 6.00 4.00 4.00 4.00 2.60 2.50 2.40 2.25 2.00 1.33 1.33 1.00 1.33 1.00 7.00 7.00 7.00
2.67 2.50 3.33 3.00 4.33 2.00 3.00 2.33 2.67 4.00 3.67 3.00 3.67 4.00 4.33 4.00 3.00 3.75 3.67 3.40 3.00 3.20 2.50 2.60 6.00 5.33 4.33 3.00 3.00 5.33 5.50 6.33
4.33 3.50 5.33 5.00 5.00 4.50 3.33 2.00 3.00 1.50 2.67 1.50 1.33 1.00 5.33 4.50 3.33 3.00 2.67 3.00 2.25 3.00 3.00 3.00 4.00 4.67 6.00 4.00 2.00 5.00 4.50 5.33
2.00 1.50 4.33 1.50 3.00 1.50 3.33 3.00 3.33 2.00 5.67 6.00 4.33 6.00 5.67 5.50 3.67 3.75 3.33 2.40 2.25 2.40 2.00 2.20 3.33 3.67 3.33 2.00 3.00 6.00 5.50 6.67
1.00 1.00 1.00 1.00 2.67 1.00 3.00 3.00 3.67 3.50 4.67 5.00 6.00 5.50 6.00 5.50 3.67 3.50 3.67 3.60 4.00 2.80 1.25 2.20 4.00 3.00 2.67 1.33 1.00 5.67 5.50 5.33
1.33 1.50 3.67 2.00 2.67 1.50 3.67 3.00 2.33 4.00 4.33 2.50 5.00 4.50 5.67 5.00 4.00 4.00 3.67 3.00 3.75 3.60 2.50 2.40 2.33 1.67 1.67 1.33 1.00 7.00 7.00 7.00
1.00 1.00 2.00 1.50 1.67 1.00 3.00 2.67 2.00 2.50 5.67 5.50 6.00 5.50 5.00 6.00 3.67 4.00 3.67 1.80 1.00 1.60 2.75 1.00 2.33 1.33 1.67 2.00 1.50 6.00 6.00 5.67
3.00 2.00 2.00 3.50 3.67 4.00 2.33 1.67 3.00 3.00 4.33 4.50 5.33 5.00 5.33 5.00 3.67 3.75 3.33 3.00 3.50 3.00 2.25 2.60 3.67 3.33 3.00 2.33 2.00 4.67 5.00 5.67
2.00 1.50 1.67 1.50 2.00 2.00 4.00 2.33 2.67 3.00 4.67 5.00 5.33 5.00 5.33 5.00 4.00 4.00 4.00 1.80 3.25 2.20 2.00 1.80 1.67 2.00 1.00 1.00 1.00 7.00 6.50 7.00
1.67 2.00 3.00 3.00 3.00 2.50 2.67 2.33 2.00 3.50 3.67 4.00 4.00 5.00 4.00 4.50 3.67 4.00 3.67 2.60 2.00 2.40 2.00 1.60 5.33 5.33 4.33 5.33 5.50 6.00 6.00 6.00
3.33 2.00 2.67 3.00 3.00 2.50 2.33 2.33 2.33 2.00 3.67 3.50 4.33 3.50 3.00 2.50 3.00 3.75 3.67 3.20 3.50 2.40 2.00 2.60 6.33 6.00 6.00 6.00 4.50 4.67 4.00 4.33
1.33 1.50 1.00 6.00 4.00 4.50 3.00 3.00 3.33 3.50 4.00 5.50 5.00 5.50 5.00 5.00 3.67 4.00 4.00 3.60 2.75 4.20 2.00 2.80 4.67 4.67 5.00 1.00 1.50 6.33 6.50 7.00
3.00 1.50 1.00 1.00 3.67 1.00 3.00 3.00 3.00 1.50 3.00 2.00 2.33 3.00 5.67 4.00 4.00 4.00 4.00 3.00 3.00 2.80 1.75 3.00 4.00 4.00 2.33 1.00 1.00 6.67 7.00 7.00
2.33 2.00 3.33 3.00 3.33 2.50 2.67 2.67 3.00 3.50 4.33 4.50 4.33 5.00 4.67 5.00 3.33 4.00 3.33 2.60 3.00 3.40 2.25 2.60 4.00 4.00 2.67 4.00 3.00 5.67 6.50 7.00
2.00 1.50 1.33 2.00 2.67 2.00 3.00 3.00 3.00 3.00 3.00 5.00 4.00 4.50 4.33 4.00 4.00 4.00 4.00 2.60 2.50 2.40 1.75 2.20 2.33 2.00 1.67 2.33 1.50 7.00 7.00 7.00
3.00 3.00 2.67 4.00 3.00 3.00 2.33 2.33 3.33 2.50 3.33 3.00 4.67 4.00 4.67 3.50 3.33 3.75 3.67 2.40 3.25 3.00 2.25 2.60 3.33 3.33 3.00 2.00 2.00 5.67 5.00 5.33
1.33 3.50 2.00 3.50 2.33 3.00 3.67 3.00 3.00 3.00 3.00 5.00 3.67 4.50 4.00 3.50 3.67 3.50 3.33 2.60 2.00 2.80 2.00 2.40 2.00 3.00 3.33 2.00 2.00 6.00 6.50 6.67
1.33 1.00 1.67 3.00 3.67 1.50 3.00 3.00 3.00 4.00 5.33 5.00 5.33 5.50 5.33 5.00 3.33 4.00 3.67 2.80 2.25 2.80 3.50 2.20 4.33 3.33 2.33 2.67 1.00 6.33 5.50 6.00
1.33 1.50 4.67 3.50 4.33 1.50 3.67 2.67 2.67 3.50 4.00 4.50 1.67 2.00 4.00 3.50 3.67 3.50 4.00 3.00 3.25 2.40 1.55 2.40 3.33 3.33 3.00 2.33 2.50 5.00 6.50 5.67
2.33 2.50 3.33 3.00 2.00 4.00 2.67 2.67 3.67 4.00 3.33 5.00 4.67 5.00 4.33 5.00 3.67 3.50 3.67 3.00 3.25 3.00 2.00 2.40 2.67 2.33 1.33 2.33 1.00 6.67 6.50 7.00
2.67 3.00 2.67 2.50 3.00 3.00 2.67 2.33 3.00 2.50 2.33 3.00 2.67 3.00 3.67 4.00 3.00 3.50 3.80 2.60 2.00 2.60 2.30 3.00 3.33 2.00 1.67 1.33 1.50 6.00 6.50 7.00
2.00 3.50 3.00 4.00 3.67 2.50 2.67 2.67 2.33 3.00 3.33 3.50 4.67 4.50 2.33 3.00 4.00 3.25 3.00 3.60 3.00 2.40 2.50 3.00 6.00 5.33 5.00 5.00 4.50 6.00 6.00 6.00
2.33 2.50 3.33 4.00 4.00 2.50 3.00 3.33 3.33 3.00 3.33 4.00 5.00 4.50 3.67 4.00 2.67 2.50 2.33 2.80 2.75 3.40 2.25 2.80 5.67 4.67 4.33 1.67 1.00 5.33 6.50 6.67
1.67 3.00 4.33 4.00 4.00 2.00 3.00 1.67 3.00 3.00 2.67 2.00 4.00 3.50 3.00 2.50 3.00 3.75 3.67 3.80 1.75 3.80 1.75 2.80 4.00 3.33 4.00 3.33 1.00 6.33 6.50 6.33
2.67 3.00 2.33 2.50 1.67 1.50 3.33 2.33 3.00 3.00 3.67 5.00 5.00 5.00 5.00 5.00 4.00 4.00 4.00 3.40 4.25 3.20 3.25 2.80 1.67 2.33 1.67 2.67 1.00 5.67 6.00 6.67
2.67 1.50 2.67 4.00 3.67 4.50 2.67 2.67 3.00 3.50 2.67 4.50 5.33 5.00 4.67 4.00 3.67 3.50 3.33 3.20 3.50 3.40 2.75 2.80 5.00 4.33 3.33 2.67 3.00 7.00 6.50 5.67
1.33 1.50 4.00 3.00 3.67 1.00 2.00 2.33 3.00 2.50 4.00 5.50 5.67 6.00 5.00 5.00 3.00 3.75 3.67 2.40 2.25 2.20 2.30 2.10 2.67 3.00 2.00 2.33 2.00 5.67 6.00 6.00
4.67 4.50 4.33 5.50 6.00 4.00 2.67 3.00 2.33 3.50 3.00 3.50 3.00 4.00 5.00 4.00 2.67 2.50 2.33 3.80 3.00 3.20 3.25 2.60 5.33 3.33 4.00 4.00 3.00 4.67 4.50 3.67
3.00 3.00 3.33 2.00 2.33 2.00 2.33 2.33 2.67 2.00 3.00 1.00 1.00 1.00 4.67 3.50 4.00 4.00 4.00 3.60 4.25 3.60 3.50 3.20 3.00 3.33 2.67 4.67 5.50 4.67 4.00 5.67
2.00 2.00 3.00 3.00 2.67 1.50 3.67 3.00 3.33 4.00 4.33 5.00 5.33 5.00 5.33 5.00 4.00 4.00 4.00 2.00 3.00 2.20 1.75 1.80 2.67 2.33 1.67 2.00 1.00 6.33 6.00 6.00
4.00 3.00 4.33 4.50 5.67 4.50 2.67 2.00 2.67 2.00 2.33 3.00 3.00 3.50 4.33 5.00 4.00 3.00 3.33 3.00 3.50 3.00 2.25 2.60 5.33 5.67 6.00 4.33 5.50 5.33 5.00 5.67
5.00 4.00 3.33 4.50 5.00 1.50 2.67 1.33 2.67 2.50 3.67 3.00 4.00 3.50 3.67 3.00 3.00 2.75 3.00 2.60 3.25 2.60 2.00 1.60 4.00 4.33 5.00 3.33 2.00 5.00 5.00 6.33
2.33 2.50 4.00 3.50 4.67 3.50 2.67 2.00 2.33 3.00 4.33 5.00 4.67 5.00 4.00 4.00 3.00 3.00 2.67 3.20 1.75 3.00 3.25 3.40 5.33 4.67 5.00 2.67 3.50 5.67 4.00 6.67
1.00 1.00 2.00 2.00 2.33 2.50 2.67 2.67 2.67 3.50 4.33 3.50 4.67 5.00 6.00 6.00 3.67 4.00 4.00 3.00 3.50 3.00 2.05 2.60 2.67 3.33 2.33 2.47 1.50 5.33 5.00 5.33
2.00 1.50 3.00 1.00 2.00 1.00 3.13 2.83 3.10 3.65 5.33 4.00 5.00 4.50 4.67 4.50 2.67 4.00 3.00 3.20 3.75 3.80 2.50 2.60 2.00 1.33 1.33 1.00 1.50 6.67 6.00 5.00
3.67 3.50 4.67 5.00 2.67 1.00 2.37 2.27 3.23 2.50 2.33 2.00 1.00 1.00 5.00 6.00 4.00 4.00 4.00 1.40 1.50 1.80 1.00 1.00 4.67 3.67 3.67 1.33 1.50 5.33 6.00 6.33
3.67 2.50 4.33 4.50 3.00 3.00 2.33 1.33 2.33 3.00 4.33 3.00 3.00 3.00 5.33 3.50 3.67 4.00 3.67 3.00 3.25 2.80 2.50 2.80 5.00 4.33 4.67 2.33 2.50 4.00 4.00 4.67
2.00 2.50 4.33 3.50 5.00 3.00 3.33 3.00 2.67 4.00 2.33 4.50 3.33 5.50 5.00 5.50 3.67 3.75 3.67 3.60 3.50 3.40 2.25 3.00 5.00 3.67 3.00 2.67 2.00 5.33 6.00 7.00
2.00 2.50 3.00 2.50 3.33 3.50 3.00 3.00 3.67 4.00 3.33 3.00 4.67 3.50 3.33 4.00 4.00 3.75 4.00 3.00 3.25 2.60 2.50 1.40 3.67 3.67 3.33 2.00 2.00 6.67 6.00 6.33
2.00 2.00 3.00 2.50 4.67 3.00 2.67 3.67 3.00 3.50 4.67 5.00 5.33 6.00 5.00 5.00 3.67 4.00 4.00 3.20 4.00 2.20 2.25 3.60 2.67 2.67 2.33 1.67 1.50 5.67 5.50 6.00
2.00 2.00 2.00 2.00 2.67 3.00 3.33 2.33 3.33 3.50 4.67 5.00 5.67 5.00 5.33 5.00 3.67 3.50 3.00 3.60 2.75 3.60 2.00 2.40 4.33 3.00 3.33 1.00 1.00 6.67 6.50 6.67
1.67 1.00 1.67 1.50 2.00 1.00 3.00 2.33 3.67 2.50 4.00 5.50 4.67 5.50 5.33 5.00 3.00 2.50 2.67 2.40 3.00 3.20 2.00 2.00 3.33 2.67 3.33 1.00 1.00 6.67 6.50 6.67
1.00 1.50 4.67 3.00 4.00 3.50 3.67 4.00 3.33 3.50 4.00 4.50 4.67 3.50 6.00 4.00 3.33 3.25 3.67 3.00 3.25 4.00 3.00 2.20 6.33 6.33 5.67 3.33 2.50 5.33 6.00 6.00
2.33 1.50 2.00 3.00 2.33 2.00 3.33 2.67 2.67 4.00 5.33 5.00 5.00 5.00 4.67 5.00 3.67 4.00 3.67 2.80 3.00 2.20 2.25 2.00 3.67 3.33 2.00 1.00 1.00 6.33 6.50 6.33
2.67 1.90 2.33 2.50 3.33 2.50 3.00 3.33 3.67 3.00 4.33 3.50 3.67 5.50 5.00 5.00 3.67 3.75 3.33 2.00 4.00 2.60 1.50 1.80 5.67 4.33 3.67 1.67 1.50 6.33 7.00 6.67
1.67 3.50 1.67 2.00 2.00 1.00 2.67 2.67 2.67 3.50 4.00 4.50 5.67 5.50 3.67 2.50 4.00 3.75 4.00 2.80 2.50 2.80 2.75 2.00 3.00 2.67 2.00 1.33 1.50 6.33 6.00 6.00
1.67 1.50 3.00 3.00 2.67 4.00 3.67 2.00 3.67 4.00 4.67 4.50 5.00 4.50 6.00 5.00 3.33 4.00 3.00 2.40 2.50 2.80 2.25 2.20 3.67 2.33 2.33 1.00 1.00 6.67 6.50 7.00
4.00 3.00 4.67 3.00 3.33 1.00 1.67 1.33 1.67 2.00 4.33 5.50 5.00 5.00 5.33 5.00 4.00 4.00 4.00 3.40 4.00 2.40 2.75 2.40 3.00 3.00 2.33 1.00 1.60 6.13 6.40 7.00
2.33 2.00 2.33 3.00 2.00 2.00 3.33 2.67 2.67 3.00 5.00 3.50 5.33 5.00 4.67 5.00 3.00 2.75 3.00 3.00 3.50 3.20 2.75 2.60 5.33 3.33 3.33 2.00 2.00 6.33 6.00 6.00
2.67 1.50 2.33 3.00 1.67 2.00 3.33 2.67 2.67 3.00 4.67 5.50 6.00 6.00 4.67 4.50 3.33 3.75 3.00 3.20 3.50 3.40 1.75 3.20 2.00 1.67 1.67 1.00 1.00 6.00 6.50 5.33
3.00 1.00 1.00 1.00 3.00 1.00 2.67 2.87 3.30 3.15 5.67 6.00 6.00 6.00 6.00 6.00 4.00 4.00 4.00 3.00 3.25 3.40 2.50 2.00 4.00 3.00 2.00 1.33 1.00 6.33 6.00 7.00
1.33 3.50 2.33 2.00 2.00 1.00 3.00 2.00 2.33 3.00 3.33 3.00 3.00 4.50 4.67 3.50 4.00 4.00 4.00 1.80 2.00 1.60 2.50 1.40 4.00 3.33 4.00 1.33 1.50 5.00 4.00 4.67
1.33 1.00 2.00 4.50 3.67 1.00 3.00 2.67 2.00 2.00 3.33 4.50 4.67 5.50 6.00 6.00 3.33 3.50 3.00 2.80 2.75 2.20 2.75 3.00 4.00 3.67 3.67 2.33 3.00 6.33 6.50 7.00
1.67 2.00 2.33 3.50 1.67 2.50 3.00 3.33 3.67 4.00 4.33 5.00 5.00 5.00 5.00 4.50 3.67 4.00 3.33 2.20 3.75 1.60 1.50 2.00 2.33 2.67 2.33 3.00 2.00 5.67 6.00 6.00
1.00 1.50 3.33 5.00 2.67 1.00 3.00 2.67 3.33 3.00 2.00 4.00 3.67 3.00 6.00 6.00 4.00 4.00 3.67 2.40 3.00 2.40 2.25 1.60 2.67 4.00 3.00 2.00 1.00 6.00 6.00 7.00
3.33 2.50 2.67 4.00 4.67 4.00 2.33 1.67 2.33 2.00 3.00 5.00 4.00 3.50 4.33 4.50 2.33 2.75 2.33 2.80 2.75 2.60 2.50 2.40 5.00 3.67 4.67 5.00 4.50 6.00 6.00 5.67
2.00 2.00 2.00 2.50 2.33 2.00 3.00 3.00 3.00 3.50 3.67 5.00 5.00 5.00 5.00 5.00 3.00 3.00 3.00 2.00 2.75 2.40 1.75 1.80 2.67 2.67 2.33 1.33 1.00 6.33 6.00 6.00
3.00 1.00 2.67 2.00 2.33 1.00 3.33 3.67 3.33 4.00 5.00 4.50 5.33 5.00 5.00 5.00 3.67 4.00 3.00 2.80 2.25 2.80 2.00 1.60 2.67 3.33 2.00 1.33 1.00 6.67 7.00 6.67
5.33 5.50 5.33 6.00 5.33 6.00 2.33 2.00 2.33 4.00 2.67 1.50 1.67 2.00 2.67 2.00 3.33 3.00 2.00 3.60 3.00 3.20 4.00 3.60 6.33 6.33 4.00 4.33 4.50 5.00 5.50 5.33
4.33 4.50 5.67 6.00 5.00 3.00 2.33 1.67 2.67 1.50 1.67 2.50 5.00 3.00 4.67 3.00 3.33 3.25 3.33 3.20 3.00 3.00 2.25 2.40 3.67 4.00 5.00 4.33 5.50 4.00 5.00 5.33
2.67 2.50 4.67 5.00 5.33 5.00 2.67 2.67 2.67 2.50 3.67 2.00 4.33 3.50 5.33 5.00 2.67 2.25 2.00 3.40 4.00 3.40 3.75 3.60 6.67 6.00 7.00 4.33 3.50 4.67 4.50 6.33
1.67 1.00 1.00 1.50 1.00 3.00 3.00 3.67 3.33 4.00 5.00 3.50 5.00 5.50 4.67 4.50 3.33 3.50 3.67 3.60 2.75 3.60 3.00 3.00 5.33 6.33 4.00 3.33 2.50 5.33 4.50 3.67
1.00 1.00 3.00 2.00 2.00 1.00 3.67 3.33 3.33 4.00 5.67 6.00 3.33 6.00 5.67 5.50 4.00 4.00 4.00 2.54 2.50 1.40 1.00 1.00 3.33 3.00 1.33 1.00 1.00 6.67 7.00 7.00
2.00 1.50 3.00 3.00 4.33 2.00 3.33 2.67 3.00 3.50 4.00 3.50 3.33 5.00 4.67 4.50 3.67 4.00 3.33 2.40 2.50 3.20 2.30 2.80 3.67 3.67 3.00 2.67 1.50 5.00 5.50 5.33
1.00 1.00 2.67 1.50 1.00 1.00 4.00 2.67 3.33 4.00 6.00 6.00 6.00 6.00 6.00 6.00 4.00 4.00 4.00 3.20 3.50 2.80 1.75 2.20 2.00 2.33 1.67 1.00 1.00 6.33 6.50 7.00
2.00 1.50 4.33 2.50 5.67 1.50 3.67 2.33 3.33 3.00 3.00 3.00 1.67 3.00 4.00 4.00 3.67 3.75 3.33 3.40 3.50 2.80 2.25 3.60 5.00 5.00 5.33 4.00 1.00 7.00 6.00 7.00
2.33 1.50 3.67 4.50 5.00 3.50 2.67 2.00 2.67 3.00 2.33 3.50 5.00 4.50 5.00 4.50 3.67 4.00 3.67 2.40 2.75 2.80 2.00 2.80 5.00 6.00 4.67 6.00 4.50 5.33 6.50 6.00
1.67 2.00 2.67 3.50 3.67 2.50 2.67 3.20 3.63 3.65 2.67 4.00 4.33 5.50 5.00 5.00 4.00 4.00 4.00 1.60 2.25 2.60 1.00 2.40 2.67 1.33 1.33 1.33 1.00 6.33 6.50 6.67
2.00 1.50 2.33 3.00 1.33 3.00 4.00 3.00 3.33 4.00 5.00 5.00 5.00 5.00 4.00 4.00 3.67 4.00 3.67 2.80 3.00 3.00 1.75 2.60 1.67 1.67 1.67 1.33 1.00 6.67 7.00 6.33
4.33 4.50 5.00 5.50 6.00 5.50 1.67 1.67 2.00 1.00 1.33 1.50 1.33 1.00 6.00 5.00 2.33 3.00 2.67 2.40 3.50 3.60 1.50 3.20 6.67 6.67 6.33 6.33 4.50 3.33 4.00 4.33
2.67 3.50 2.33 5.50 3.33 2.00 3.00 2.33 2.33 4.00 4.33 3.00 4.33 4.50 6.00 5.00 3.33 3.75 4.00 2.80 3.50 2.80 3.00 3.80 3.00 1.33 1.33 1.33 1.00 5.33 7.00 5.67
1.67 1.00 4.00 3.00 1.00 4.50 3.00 2.33 3.67 2.00 2.00 4.50 4.67 4.50 5.67 4.50 3.33 2.50 3.33 3.40 3.75 3.40 2.00 3.20 6.33 5.33 4.33 3.33 2.50 6.33 6.50 6.33
2.33 2.00 3.33 2.00 3.33 1.50 3.33 3.00 2.33 3.50 4.33 4.50 4.33 5.00 4.33 4.50 2.67 2.75 3.00 3.00 3.50 2.40 2.25 2.60 4.67 2.67 2.67 2.37 1.00 6.67 6.50 6.27
1.67 1.50 3.67 3.00 3.33 3.50 3.67 3.00 4.00 4.00 4.33 5.50 4.33 6.00 4.67 5.50 4.00 4.00 4.00 2.60 2.50 2.40 2.50 1.60 4.00 3.33 1.67 2.33 1.00 6.33 6.50 6.67
1.00 2.00 3.33 4.50 4.00 4.00 3.33 2.67 2.67 2.50 3.00 3.50 4.33 4.50 5.00 4.00 4.00 4.00 4.00 3.20 3.50 2.60 2.50 2.20 4.00 5.33 5.67 2.67 2.50 4.33 3.50 4.00
3.00 2.50 2.33 3.00 2.67 2.00 3.00 3.33 3.00 4.00 3.33 4.50 3.67 4.00 3.67 4.00 3.00 3.50 3.67 2.40 2.75 2.60 2.25 2.20 4.33 5.00 3.67 3.67 3.50 6.00 6.00 5.67
4.00 3.00 3.67 2.50 3.33 3.50 3.33 3.00 3.33 2.50 3.33 2.50 4.00 3.00 3.67 4.00 4.00 4.00 3.67 2.60 2.50 3.60 2.50 3.60 2.67 2.67 2.67 1.33 2.00 5.33 4.50 4.00
2.67 3.50 4.00 2.50 3.33 2.00 3.33 3.33 2.00 3.50 2.33 2.00 3.67 3.50 5.00 5.00 3.67 4.00 3.33 3.40 3.75 4.00 2.25 2.60 2.67 2.67 4.00 1.00 2.00 7.00 7.00 5.33
1.00 1.00 1.67 1.00 1.33 1.00 3.00 1.67 2.33 2.00 4.67 6.00 6.00 6.00 5.00 5.00 4.00 4.00 4.00 2.20 2.25 3.00 1.50 1.80 2.00 1.33 1.00 1.00 1.00 7.00 7.00 7.00
4.00 4.00 4.00 4.00 5.67 5.50 2.33 2.00 2.33 4.00 3.00 3.00 3.67 3.50 3.33 3.50 3.00 2.50 1.33 3.40 3.75 3.80 1.75 3.80 6.67 7.00 7.00 5.33 4.50 2.00 3.50 4.00
2.33 2.50 4.67 3.50 4.67 4.00 2.67 2.33 3.00 3.50 3.33 3.50 3.33 2.50 5.33 5.00 3.33 3.00 2.33 4.20 4.25 3.80 3.00 3.20 4.33 3.00 3.67 2.67 3.00 5.67 6.00 5.67
1.33 2.00 3.00 4.00 4.33 2.50 3.00 2.33 2.67 3.50 3.67 2.50 4.67 4.00 6.00 6.00 3.67 3.25 3.33 3.60 3.00 3.60 2.75 3.20 5.33 5.33 5.33 2.67 2.50 6.33 6.50 6.33
2.33 3.00 3.33 2.00 2.00 2.00 3.00 3.00 3.33 4.00 3.33 4.00 4.67 4.50 4.00 4.50 3.00 3.75 3.67 2.54 3.25 2.92 2.17 2.22 4.00 4.33 3.67 4.67 4.00 6.00 6.50 6.67
1.67 1.00 1.00 1.00 1.00 1.00 4.00 3.33 3.00 3.50 6.00 5.50 6.00 5.00 6.00 5.50 3.67 4.00 3.00 2.40 2.50 2.00 1.30 1.40 1.33 3.00 2.67 3.00 2.00 3.67 6.00 5.00
1.67 1.00 1.33 1.00 1.67 1.00 4.00 3.33 3.67 3.50 5.33 6.00 5.67 6.00 5.67 5.50 4.00 4.00 4.00 2.80 3.25 2.60 2.00 2.20 2.33 2.00 1.67 1.00 1.00 7.00 7.00 7.00
2.33 3.50 4.33 5.00 5.00 4.50 1.67 1.33 2.33 1.50 4.33 4.00 6.00 5.00 5.67 5.00 3.67 3.75 2.67 2.80 4.00 3.00 2.00 2.60 5.67 6.00 6.00 2.67 4.00 5.00 5.50 5.67
2.00 1.00 1.00 1.00 1.00 1.00 2.33 3.67 3.33 4.00 4.33 5.00 6.00 4.50 6.00 3.00 3.00 4.00 3.33 2.20 2.00 2.60 1.75 1.80 1.67 1.67 1.00 1.33 1.00 6.00 6.50 7.00
1.00 1.00 1.33 1.00 1.33 1.50 4.00 4.00 4.00 4.00 4.67 6.00 4.33 6.00 5.00 6.00 4.00 4.00 4.00 2.40 2.75 2.00 1.50 1.80 1.67 1.67 1.33 1.00 1.00 7.00 7.00 7.00
2.33 2.00 4.67 3.00 2.33 2.00 3.33 2.67 2.67 3.50 2.00 4.00 2.67 2.50 3.33 5.00 4.00 4.00 3.33 3.00 3.25 3.40 2.00 2.40 5.67 5.67 4.33 1.33 1.50 5.67 6.50 6.33
1.33 1.50 2.67 3.00 2.00 1.50 2.67 2.67 2.33 4.00 3.67 6.00 6.00 6.00 6.00 6.00 3.67 4.00 4.00 4.20 4.00 3.20 2.75 2.40 2.33 3.00 1.67 2.00 1.50 5.33 6.50 7.00
2.67 2.50 2.33 1.50 2.67 2.50 3.00 2.67 3.33 3.50 5.33 5.00 5.33 6.00 5.67 4.50 3.33 3.50 3.67 3.00 2.50 3.00 1.75 3.20 5.33 4.33 3.33 2.00 2.00 6.33 6.00 6.33
4.00 3.50 4.67 4.00 5.67 5.00 3.00 3.67 3.33 3.50 3.00 3.00 4.00 3.50 4.67 4.00 3.67 4.00 4.00 2.40 3.25 3.20 3.25 3.00 6.00 6.67 4.00 3.00 1.50 6.00 7.00 6.33
3.00 2.00 2.67 4.50 4.33 4.00 2.67 2.00 2.67 4.00 4.00 3.50 5.00 5.00 5.00 4.50 3.67 3.50 3.67 3.40 3.00 3.00 1.75 3.20 4.67 3.33 4.67 1.67 2.00 6.33 6.50 5.00
3.00 1.50 3.67 3.00 1.67 4.00 3.00 4.00 3.00 4.00 2.67 2.00 5.00 3.50 5.33 4.00 4.00 3.75 3.33 3.20 3.50 3.60 4.00 3.20 5.00 4.67 3.33 2.70 3.00 7.00 5.50 7.00
3.00 2.50 2.67 2.00 3.33 1.50 2.67 2.67 3.33 1.50 3.00 3.00 2.67 2.50 3.33 2.50 3.00 3.75 3.67 3.00 2.75 3.00 2.75 2.80 4.33 2.67 3.00 1.33 1.00 7.00 7.00 6.67
1.00 1.50 4.00 5.50 4.00 4.50 3.67 2.33 3.00 3.00 6.00 6.00 6.00 6.00 6.00 6.00 4.00 4.00 3.33 2.60 2.75 2.60 1.25 2.40 5.00 2.67 2.33 1.67 1.50 6.67 6.50 7.00
2.33 1.50 3.00 4.50 4.00 3.00 3.00 3.67 4.00 4.00 3.33 3.00 2.67 4.00 5.33 4.50 4.00 4.00 4.00 3.20 3.00 2.80 2.50 2.00 5.33 3.33 3.67 1.00 1.00 6.67 6.50 6.33
1.33 1.00 2.00 1.00 1.33 3.50 3.00 2.00 3.33 4.00 5.00 6.00 4.67 6.00 6.00 6.00 3.00 4.00 3.33 2.40 1.25 2.00 1.75 1.60 1.00 1.33 1.00 1.00 1.00 7.00 7.00 7.00
1.00 1.00 1.00 1.50 1.33 2.00 2.67 2.67 3.00 3.50 4.00 5.50 6.00 6.00 5.00 5.00 4.00 3.00 3.33 1.40 2.00 2.00 1.75 2.80 4.00 3.00 3.67 1.00 1.00 6.67 7.00 6.00
3.33 4.00 4.67 5.00 3.67 4.00 3.33 3.00 3.00 2.50 3.00 3.50 4.67 4.00 4.33 4.00 3.67 2.50 2.67 3.00 3.75 3.20 3.25 3.00 4.67 4.67 4.67 4.00 3.00 4.67 6.00 5.33
2.33 1.00 1.33 1.50 3.67 1.00 2.67 2.00 2.67 3.00 4.33 5.50 5.67 5.00 4.67 6.00 4.00 4.00 3.33 2.40 2.75 3.00 2.25 1.60 2.33 2.67 4.00 1.00 2.00 6.33 6.50 6.00
3.00 3.50 3.67 2.50 4.67 2.00 3.00 2.67 2.67 3.50 2.67 4.00 3.00 4.00 3.33 3.00 4.00 4.00 4.00 3.00 3.25 2.80 1.75 3.40 4.00 3.67 3.00 1.00 2.50 6.00 5.50 6.33
1.00 1.50 3.00 4.50 4.00 4.00 3.00 2.33 3.00 3.00 3.33 3.50 4.67 6.00 5.00 4.50 3.33 4.00 3.67 3.00 2.00 2.40 2.00 2.60 5.00 5.33 5.00 2.67 1.00 7.00 7.00 7.00
3.33 1.50 2.67 6.00 5.67 5.50 4.00 3.67 3.00 4.00 3.67 3.00 4.33 5.00 5.00 5.00 3.67 3.50 3.67 2.00 2.00 2.60 1.50 3.20 6.33 5.33 4.67 2.00 2.00 6.33 6.00 6.67
1.67 1.50 3.67 4.50 3.00 2.00 3.00 2.67 2.67 4.00 4.00 5.50 5.67 6.00 5.33 5.50 4.00 4.00 4.00 2.40 2.50 2.20 1.75 1.60 4.67 4.33 4.00 3.00 2.50 7.00 6.50 6.67
3.67 2.00 4.00 4.50 4.67 3.50 2.67 2.33 2.33 2.50 4.33 3.50 2.67 3.50 5.33 5.50 3.00 3.25 3.33 3.00 3.00 2.80 2.50 2.60 5.67 5.33 4.67 4.00 4.00 5.33 6.50 6.00
1.67 1.00 2.33 2.50 2.67 2.50 3.33 3.00 3.33 4.00 5.00 6.00 6.00 6.00 5.67 6.00 3.67 4.00 3.67 2.20 2.50 1.60 1.25 1.00 2.00 1.67 1.33 1.33 1.00 6.00 6.50 6.00
2.33 1.00 1.00 1.00 1.00 1.00 3.33 4.00 4.00 4.00 5.00 6.00 6.00 6.00 6.00 6.00 4.00 4.00 4.00 2.00 2.25 2.00 1.75 1.40 1.00 1.00 1.00 1.00 2.00 7.00 7.00 6.67
2.00 1.50 2.00 2.50 2.00 2.50 3.00 3.00 3.67 3.50 4.67 4.00 4.00 3.50 5.33 6.00 3.67 4.00 3.33 2.60 2.50 2.60 2.00 1.80 3.67 3.67 3.67 1.67 2.00 6.33 6.00 6.00
1.00 2.00 2.67 4.00 3.00 5.00 3.67 3.33 3.33 4.00 4.67 4.00 4.33 4.00 3.67 4.50 4.00 4.00 4.00 3.40 2.50 2.00 1.75 2.20 5.67 7.00 3.33 1.67 1.00 6.00 7.00 5.67
1.00 1.00 2.33 3.50 1.00 1.00 2.67 3.33 3.67 4.00 4.33 4.00 5.67 6.00 5.33 5.50 3.33 3.25 3.00 3.20 2.50 2.60 3.25 2.40 4.33 5.33 4.67 2.67 4.50 6.33 6.50 7.00
2.20 2.50 4.33 3.00 5.33 2.00 3.00 2.67 3.00 4.00 4.33 5.00 5.33 5.50 4.27 4.50 4.00 3.75 4.00 3.60 3.75 4.20 2.25 3.20 3.00 3.67 3.00 2.33 1.60 5.67 4.50 6.00
3.67 4.00 4.00 5.00 5.33 4.50 2.33 2.33 2.33 2.50 3.33 2.50 4.33 4.50 4.33 4.00 2.67 3.25 2.00 3.80 2.75 3.40 3.00 4.00 6.00 6.33 6.67 4.00 2.50 5.33 5.50 6.00
3.00 2.00 3.67 5.00 3.33 2.00 2.00 2.33 2.67 2.65 3.33 2.00 4.00 2.00 5.33 5.50 4.00 3.25 3.67 2.60 2.75 2.60 1.75 1.60 2.33 3.00 3.33 1.83 1.75 4.13 6.05 4.80
3.00 3.00 4.00 4.00 4.33 3.50 3.00 2.67 3.33 3.50 3.67 4.50 4.67 4.50 5.67 5.50 4.00 3.50 3.00 2.60 2.00 2.80 2.00 1.60 4.33 4.00 3.00 2.33 1.00 6.33 5.50 6.00
2.67 2.50 4.33 5.50 4.00 4.00 2.33 3.00 2.67 2.50 3.67 3.00 2.33 3.00 4.67 4.50 3.33 3.75 3.33 3.00 3.75 3.20 2.00 3.20 4.67 5.33 4.00 1.33 2.50 4.67 4.50 6.33
2.00 1.50 2.67 3.00 3.00 2.50 3.00 3.00 3.67 4.00 5.67 6.00 5.00 5.50 6.00 5.50 3.67 3.75 3.33 3.20 2.50 2.20 1.25 1.40 3.67 3.33 2.33 3.33 1.50 6.67 6.50 6.67
3.67 2.00 4.33 1.50 4.67 3.00 4.00 3.33 3.33 3.00 3.33 3.00 6.00 4.50 6.00 5.50 3.00 3.13 3.33 4.00 4.00 3.20 3.50 2.40 3.33 3.00 4.33 1.00 1.00 6.00 6.50 5.33
2.00 1.50 3.67 4.50 2.00 2.50 3.33 3.33 3.00 3.50 2.00 1.50 3.00 3.00 4.33 4.00 4.00 4.00 3.33 3.60 4.00 3.12 1.75 2.80 5.33 4.00 3.00 2.00 1.50 6.67 6.50 6.33
2.67 1.50 3.67 1.50 3.33 1.50 2.67 3.00 3.67 3.50 3.00 4.50 3.33 4.50 5.00 5.00 3.33 4.00 3.67 2.80 2.00 2.40 1.75 1.60 2.33 1.67 2.33 1.67 2.00 7.00 7.00 7.00
2.33 1.00 1.00 3.00 1.67 2.50 3.33 3.67 3.33 3.50 4.00 5.00 5.00 5.50 5.00 4.50 2.67 3.75 3.67 3.20 3.50 2.20 1.50 2.00 1.33 1.00 1.00 1.33 1.00 7.00 7.00 7.00
1.00 1.00 3.67 2.00 2.33 1.00 4.00 2.67 3.33 4.00 4.00 3.50 3.33 4.00 4.27 4.50 3.67 3.75 3.33 3.80 3.00 3.20 1.50 2.60 3.00 4.00 1.67 1.33 1.50 6.00 3.50 6.00
2.00 2.50 2.67 2.50 2.67 2.50 3.67 3.00 3.67 3.00 3.67 4.00 4.33 5.00 4.00 5.00 3.67 4.00 3.67 3.40 3.25 3.00 2.50 3.00 4.00 2.00 3.67 3.00 3.00 6.67 6.00 5.67
1.33 1.50 3.67 3.00 2.00 1.50 2.67 2.67 3.67 3.50 4.00 4.00 4.33 5.00 4.67 4.00 3.67 4.00 4.00 2.40 2.50 2.60 1.75 2.60 2.00 1.67 1.67 2.00 2.00 6.33 6.50 5.00
1.33 3.00 4.67 5.00 4.00 3.50 2.33 3.00 2.33 3.50 3.00 3.00 3.67 4.00 4.33 4.50 4.00 4.00 4.00 3.20 3.75 4.00 2.00 2.60 5.00 4.67 3.33 3.33 3.00 6.67 7.00 6.67
2.33 2.00 2.33 2.50 2.67 2.00 3.33 4.00 3.67 4.00 3.67 4.00 3.33 4.00 4.67 5.00 3.00 3.00 3.00 3.20 3.00 3.20 2.75 2.20 3.33 3.33 2.33 1.33 1.00 6.00 6.50 6.33
2.00 1.50 2.00 3.50 3.33 2.00 3.33 3.33 3.33 4.00 4.67 5.00 5.33 5.00 5.67 5.00 3.67 3.25 3.67 1.80 2.00 2.60 2.00 1.60 3.00 2.00 1.33 1.67 1.00 6.67 7.00 6.67
1.67 3.50 4.00 4.50 3.00 4.00 3.33 2.67 2.67 3.00 3.67 6.00 6.00 6.00 5.33 5.50 4.00 4.00 3.33 1.40 2.50 2.00 3.00 2.60 2.00 3.00 1.67 2.33 2.50 6.67 6.00 6.33
1.00 1.00 1.00 1.50 1.00 1.50 3.67 3.53 3.30 3.65 5.67 6.00 5.67 6.00 5.67 6.00 4.00 4.00 4.00 1.80 1.75 2.20 2.00 1.60 2.00 2.00 2.00 1.33 1.00 6.67 6.50 6.67
3.00 1.50 4.00 5.00 1.53 1.00 4.00 3.00 3.00 4.00 3.67 5.00 3.60 4.00 5.67 5.50 4.00 4.00 4.00 1.60 2.75 1.60 1.75 2.20 4.00 3.67 3.67 1.33 1.50 7.00 7.00 7.00
2.33 2.00 3.00 2.00 2.67 2.00 3.67 3.67 3.20 4.00 4.33 5.00 5.00 5.00 5.00 5.00 3.00 3.75 3.67 2.80 3.00 3.00 2.25 3.00 4.00 3.67 3.00 2.33 2.00 6.00 6.00 6.00
1.00 1.50 3.67 4.50 2.33 1.00 4.00 3.33 3.00 4.00 5.33 5.50 6.00 5.50 5.67 5.00 3.67 3.50 4.00 1.80 1.75 3.00 1.75 2.20 3.00 2.67 2.33 1.33 1.00 6.67 7.00 7.00
2.67 1.50 1.67 4.00 3.00 3.50 2.00 3.33 2.67 3.00 4.67 5.00 5.00 5.00 5.00 5.00 3.33 3.50 3.33 3.20 3.25 3.20 2.75 3.20 1.67 1.33 3.00 1.00 1.00 6.33 6.50 6.33
2.33 1.50 3.33 3.50 3.67 3.00 3.00 3.67 3.67 4.00 4.67 5.00 5.67 5.50 4.33 4.50 4.00 4.00 4.00 3.00 2.50 2.60 2.00 2.00 2.67 2.33 1.67 2.00 1.50 6.00 6.00 5.33
1.67 1.00 1.33 3.50 3.00 1.50 3.00 2.33 2.33 3.50 5.67 6.00 4.00 5.50 6.00 6.00 4.00 4.00 4.00 2.60 3.00 2.80 2.25 1.80 4.33 3.67 3.33 2.67 1.50 6.33 4.50 6.33
1.00 1.00 1.33 1.00 2.33 1.00 3.33 3.00 3.33 4.00 5.67 6.00 6.00 6.00 6.00 6.00 4.00 4.00 4.00 2.40 3.00 2.20 1.75 2.60 2.33 1.33 1.33 1.67 1.00 7.00 6.50 6.00
1.67 1.50 2.00 2.00 2.00 1.50 3.67 3.67 3.33 4.00 3.00 5.00 4.67 5.00 3.67 4.50 3.00 3.50 3.33 3.40 2.75 2.80 1.75 2.00 3.00 2.33 2.33 2.00 2.00 6.00 5.50 5.67
3.00 2.50 2.33 3.00 2.00 2.00 3.00 2.33 3.33 2.50 4.00 5.00 5.00 5.00 4.00 4.50 3.00 3.00 3.00 2.40 1.75 2.80 2.00 2.40 3.00 3.67 3.00 3.00 1.50 6.00 6.00 6.33
2.00 1.50 1.67 1.00 2.00 2.50 2.67 3.33 3.33 4.00 5.33 4.00 6.00 5.50 4.00 4.50 3.00 2.75 3.33 2.40 3.00 3.00 1.50 2.00 4.00 6.00 3.00 2.00 1.00 4.67 4.00 4.67
1.67 1.50 2.00 1.50 2.67 2.00 2.67 3.00 2.67 2.50 4.33 5.00 5.33 5.00 5.00 5.00 3.67 4.00 3.67 3.00 3.00 3.20 2.25 3.00 4.67 4.00 4.67 1.67 1.00 6.67 7.00 6.67
3.33 1.50 2.00 3.00 3.00 1.00 3.67 2.33 2.67 4.00 3.00 5.00 4.67 5.00 4.67 4.50 3.00 3.75 3.33 3.00 2.25 2.60 3.00 2.40 2.00 2.33 2.00 2.67 2.00 6.00 6.00 5.00
2.00 2.00 3.33 3.00 2.67 1.50 3.00 2.67 3.67 2.50 4.33 5.00 3.33 4.00 4.67 4.50 3.33 3.50 3.33 3.20 2.25 2.80 1.50 2.40 3.00 3.00 2.00 2.00 1.00 6.67 6.50 6.67
2.33 2.50 5.00 4.50 4.67 4.50 3.33 2.67 3.67 4.00 1.33 1.00 1.00 1.00 4.67 4.50 4.00 4.00 4.00 3.40 2.25 2.60 1.75 3.20 4.33 3.00 2.33 1.67 1.50 6.67 7.00 6.67
3.67 2.50 2.33 3.50 3.00 2.50 2.33 2.33 3.00 3.50 5.00 5.00 4.67 5.00 4.00 4.50 3.00 3.75 2.67 2.60 2.50 2.60 2.75 2.60 4.33 4.33 5.00 5.67 2.50 5.67 6.50 6.67
1.67 1.50 2.00 3.00 4.00 3.00 3.33 2.67 3.33 4.00 5.33 5.00 5.17 5.40 4.00 5.00 3.67 4.00 4.00 2.60 2.75 2.40 1.80 1.40 6.00 5.33 3.67 2.00 3.00 5.67 5.50 6.00
1.33 2.00 3.00 1.50 2.67 1.50 4.00 3.33 4.00 4.00 2.77 1.50 4.00 3.00 3.67 4.00 4.00 4.00 3.00 3.20 2.75 2.60 2.50 2.26 4.00 3.00 4.67 1.33 1.00 6.67 7.00 5.00
2.00 1.00 1.67 1.00 1.33 3.00 3.67 3.33 3.67 4.00 4.00 6.00 5.33 6.00 6.00 5.50 4.00 4.00 4.00 2.80 2.75 3.00 1.50 2.20 1.67 2.67 1.33 1.00 1.00 7.00 7.00 6.67
2.00 1.50 1.33 2.00 2.67 2.50 3.33 3.33 3.67 3.50 3.33 4.00 5.00 4.00 5.00 4.50 3.67 4.00 3.33 3.20 2.50 3.20 2.75 3.20 3.33 4.67 4.00 2.67 3.50 5.33 6.50 5.00
2.33 1.50 1.67 4.00 2.67 3.00 3.00 3.00 3.67 3.00 3.33 2.50 4.67 4.00 5.00 4.50 3.67 3.75 4.00 2.80 3.00 3.20 2.00 3.20 2.67 2.00 1.67 1.00 1.00 6.00 5.00 5.33
1.00 1.00 2.67 1.00 2.67 1.00 4.00 3.00 3.00 4.00 3.33 6.00 6.00 6.00 6.00 5.50 4.00 3.75 4.00 2.00 2.50 2.20 2.50 2.40 1.33 1.67 1.00 1.00 1.00 7.00 7.00 7.00
3.33 2.00 4.67 3.50 2.67 3.00 4.00 2.67 3.00 4.00 3.00 3.00 1.00 1.50 5.33 5.00 3.67 4.00 3.67 3.00 3.25 3.40 2.25 2.40 2.33 2.67 2.67 2.00 1.00 6.00 6.50 6.33
3.00 1.50 2.00 4.50 2.33 2.00 2.67 2.33 3.67 3.50 1.67 2.50 4.67 4.00 4.67 2.50 4.00 3.50 3.67 3.40 2.75 2.60 1.50 2.20 3.00 3.33 2.67 1.00 1.50 7.00 6.50 7.00
3.00 1.50 3.33 3.00 3.00 2.00 3.67 2.67 3.33 3.50 4.00 4.00 5.00 4.50 4.00 4.50 3.00 3.75 3.67 2.80 2.50 2.00 2.00 1.80 3.67 2.33 3.33 2.33 1.50 6.33 6.50 6.33
2.33 2.50 3.33 3.50 4.00 3.50 2.67 3.00 3.00 3.00 2.67 5.00 5.00 4.50 3.67 4.00 3.67 3.50 3.33 3.20 3.25 3.60 3.00 3.40 4.00 2.33 2.33 2.33 1.00 6.00 6.00 4.67
2.00 2.50 2.03 2.50 3.33 3.50 3.67 4.00 4.00 3.50 4.67 2.50 4.33 4.00 4.33 3.50 3.33 4.00 3.67 3.20 3.22 2.60 1.75 1.60 5.00 6.33 5.00 1.33 2.50 5.67 3.50 5.67
2.67 1.50 3.00 2.00 5.00 1.00 3.00 2.67 3.33 3.00 3.00 4.50 5.67 6.00 4.33 4.00 4.00 4.00 4.00 2.80 2.75 2.00 1.00 1.40 1.67 1.67 1.33 1.00 1.00 7.00 7.00 7.00
3.67 2.00 4.67 4.00 4.00 5.00 3.00 2.33 2.33 2.50 2.33 1.00 3.67 4.00 4.33 4.50 3.00 3.00 3.33 2.80 2.75 3.20 1.75 2.60 1.67 1.33 2.00 1.00 1.00 6.00 6.00 6.33
2.67 2.00 3.33 3.00 2.67 3.50 3.00 1.67 2.00 2.00 4.67 5.00 5.00 5.00 5.33 5.50 3.67 3.50 3.67 2.60 2.50 3.00 1.75 2.60 4.00 3.33 2.67 2.00 2.00 5.00 5.50 5.67
1.67 1.50 3.00 2.50 1.67 1.50 3.67 3.67 3.33 3.50 3.67 5.00 5.67 4.50 5.00 4.50 4.00 4.00 3.67 2.60 3.50 2.60 2.75 2.60 2.33 2.33 2.00 1.67 1.50 7.00 7.00 7.00
1.33 2.50 3.67 2.50 3.33 2.00 3.67 3.00 3.67 3.15 4.67 2.00 3.50 2.50 4.33 4.50 3.00 2.75 3.00 2.60 3.75 2.80 2.75 1.80 3.33 2.00 1.67 1.67 1.60 4.33 4.50 5.67
1.67 2.00 2.00 2.00 3.00 2.50 3.00 3.00 3.67 4.00 4.00 4.00 5.00 3.50 5.67 5.50 3.33 3.50 3.00 3.22 3.25 3.00 3.00 3.20 3.33 3.67 2.67 1.00 1.50 6.00 5.50 5.67
3.00 1.50 2.67 5.00 3.67 3.00 3.00 2.00 2.67 3.00 4.00 5.50 5.67 6.00 5.00 5.50 4.00 4.00 3.67 3.60 3.00 2.60 2.25 2.20 4.00 3.33 2.00 1.67 1.00 6.33 6.00 6.33
2.33 2.00 2.33 2.00 3.00 2.00 3.33 2.67 3.67 4.00 3.67 4.50 4.67 4.50 4.67 5.00 3.67 4.00 3.67 2.40 2.50 2.40 1.75 2.00 2.33 2.00 1.67 1.00 1.50 6.33 6.50 7.00
3.67 4.00 4.67 5.00 4.33 4.00 2.67 1.67 2.33 3.00 2.33 1.50 1.67 1.50 4.33 4.00 3.00 2.75 3.00 3.80 3.50 3.20 3.25 3.80 5.33 5.33 5.00 2.67 3.50 4.67 6.50 5.33
1.67 1.00 2.67 1.50 1.33 3.00 3.00 2.67 3.67 2.00 4.33 5.50 3.67 5.00 5.67 6.00 3.67 3.75 3.67 1.80 2.47 2.00 1.50 2.00 2.00 2.67 2.67 1.00 1.00 6.33 6.00 6.67
1.33 1.00 1.33 2.00 2.67 1.50 3.33 3.00 3.33 4.00 5.67 6.00 6.00 6.00 6.00 5.50 4.00 3.75 3.33 3.20 3.75 2.60 1.50 2.80 4.00 3.33 2.00 1.67 1.00 6.67 7.00 7.00
2.00 1.50 4.67 5.00 4.67 2.50 2.67 2.67 3.33 3.50 3.33 5.00 4.00 4.50 5.00 5.00 3.33 3.75 3.33 3.00 3.25 3.40 2.50 3.00 3.67 3.67 2.67 1.00 1.00 6.00 6.00 6.67
2.67 1.50 1.00 1.50 1.00 2.50 3.67 3.33 4.00 4.00 4.00 4.50 4.67 4.50 4.00 4.50 2.67 2.25 2.00 2.60 2.75 2.80 2.00 2.10 2.33 1.67 2.33 1.67 1.00 6.33 7.00 6.67
2.00 1.00 1.00 1.50 1.67 1.50 3.33 2.33 3.67 4.00 5.33 5.50 5.67 5.00 5.33 5.00 3.00 3.75 4.00 2.00 2.75 2.60 1.25 1.20 2.67 2.33 2.33 1.33 1.00 6.33 7.00 6.67
1.67 1.50 2.67 2.00 2.00 2.50 3.00 2.00 2.67 3.00 4.67 5.00 3.33 5.00 5.67 5.00 3.67 4.00 4.00 1.80 2.00 2.00 2.25 1.80 3.33 3.00 3.00 1.33 1.00 6.33 6.50 7.00
2.67 2.50 2.00 5.00 4.67 1.00 2.33 2.33 2.67 3.50 4.00 4.00 5.00 5.50 4.67 5.00 4.00 3.75 3.67 3.60 3.75 2.80 2.00 2.80 4.33 4.00 4.00 1.67 2.00 5.67 5.50 6.27
2.67 2.00 2.33 5.00 2.67 2.00 3.00 2.00 2.67 3.00 2.00 3.00 2.33 1.50 5.00 4.00 3.67 4.00 3.67 3.40 3.50 3.20 2.50 2.80 5.67 4.33 5.33 2.33 2.50 6.00 5.00 5.67
1.33 1.50 5.33 1.50 5.33 1.50 2.67 2.67 3.67 3.50 3.33 3.00 4.33 3.50 3.67 3.50 4.00 4.00 4.00 3.40 3.00 3.40 1.75 1.60 4.33 2.00 1.33 2.00 1.00 7.00 7.00 7.00
1.67 2.00 4.00 3.50 4.33 3.00 3.00 2.67 3.33 3.00 3.00 3.00 4.67 3.00 5.00 5.00 4.00 4.00 3.33 3.80 3.50 3.80 2.50 3.00 4.33 3.33 2.33 1.33 2.00 5.67 5.50 5.33
4.33 2.50 4.67 5.50 4.00 4.50 3.33 2.33 3.00 3.50 4.00 5.00 5.00 5.00 4.67 5.00 3.00 2.50 3.00 3.20 3.50 3.40 3.00 2.60 4.67 4.00 4.00 5.00 3.50 5.67 6.00 6.33
1.00 1.00 1.00 1.00 1.33 1.00 3.67 4.00 3.67 4.00 4.67 6.00 5.33 5.50 5.33 5.00 4.00 4.00 4.00 2.00 2.00 1.20 1.25 1.20 1.67 1.33 1.00 1.33 1.00 6.33 6.50 6.67
2.67 4.50 3.67 3.50 4.00 1.50 3.33 2.33 2.33 4.00 3.33 2.50 4.00 4.00 3.33 2.50 2.33 3.00 2.33 3.80 4.00 3.40 3.50 3.40 4.67 4.33 4.33 2.00 4.50 4.00 5.15 4.93
3.67 3.50 2.67 3.50 3.67 4.00 3.67 3.00 3.00 4.00 3.67 2.50 3.33 3.00 2.67 3.00 2.67 2.50 3.33 2.82 2.85 3.30 2.60 2.56 3.33 3.00 4.00 1.33 1.50 6.47 7.00 7.00
1.33 1.00 1.33 2.00 1.67 1.00 3.33 2.00 2.67 3.50 4.67 5.50 5.67 5.00 6.00 6.00 3.33 4.00 3.67 2.80 3.50 2.60 1.75 2.60 2.00 2.33 2.67 1.33 2.00 6.67 7.00 7.00
2.00 1.50 2.00 2.00 1.33 2.00 3.67 2.67 3.00 4.00 3.67 6.00 3.67 4.50 3.67 5.00 3.33 3.25 3.33 2.80 3.25 2.80 2.00 1.80 2.33 3.00 2.00 1.67 1.00 6.33 6.00 6.00
2.00 2.50 3.33 2.00 2.33 2.00 4.00 2.67 3.33 3.50 4.67 4.50 5.67 5.00 4.67 5.00 3.67 3.75 3.67 2.80 1.75 3.20 2.00 2.60 3.67 3.33 2.67 3.00 3.50 6.67 6.50 6.33
2.33 1.50 2.00 3.00 2.00 3.00 3.67 2.67 3.33 4.00 3.67 4.50 5.33 5.00 4.67 5.00 3.67 4.00 4.00 1.60 2.50 2.40 2.55 1.70 4.00 3.33 2.67 1.67 1.00 6.33 7.00 7.00
2.00 1.50 4.00 6.00 4.67 5.50 2.67 2.67 3.00 3.00 3.00 3.00 5.67 4.50 5.67 4.50 3.00 3.50 3.33 2.80 3.00 3.20 2.50 3.40 6.00 5.67 4.00 2.33 2.00 5.67 6.00 6.67
1.00 1.00 1.33 4.50 3.33 1.50 2.33 2.33 3.00 2.00 4.33 4.00 4.67 5.00 1.67 2.00 3.33 3.75 3.33 3.20 2.25 2.80 1.75 2.20 4.33 4.00 4.33 4.00 5.00 5.67 5.00 6.00
2.67 2.00 1.67 4.00 2.33 2.00 3.33 2.67 2.67 3.50 3.33 4.00 5.33 5.50 5.00 5.50 3.67 3.75 3.67 2.40 3.00 2.80 1.75 2.20 3.33 2.33 2.33 2.33 1.00 6.33 6.50 6.67
2.00 1.00 1.00 4.00 2.00 2.50 2.67 3.00 3.00 3.50 3.67 5.50 5.33 5.50 5.67 5.50 3.67 4.00 4.00 2.40 3.00 2.60 1.75 1.20 1.33 2.33 1.67 1.33 1.00 6.67 7.00 6.67
3.00 2.00 2.00 2.50 3.67 2.00 3.00 2.67 3.00 4.00 4.33 5.00 3.00 4.00 4.67 5.00 4.00 4.00 4.00 2.80 3.22 2.80 1.75 1.80 1.67 2.33 2.00 1.67 2.00 5.33 6.00 5.33
2.67 2.00 2.33 1.00 3.00 1.00 2.67 3.00 3.00 4.00 3.67 4.50 3.67 4.00 4.00 4.00 4.00 4.00 4.00 2.00 2.50 2.80 2.75 2.00 2.67 3.67 2.33 2.00 1.00 6.00 4.00 3.67
1.33 2.00 2.33 2.00 2.33 2.00 3.33 4.00 3.67 4.00 4.33 5.00 4.67 5.00 4.33 4.50 4.00 4.00 3.67 3.20 2.50 2.20 2.00 2.00 2.67 2.00 1.67 1.00 1.00 6.67 7.00 6.33
2.67 1.00 2.67 2.00 2.00 1.50 3.67 3.00 3.67 4.00 4.00 5.50 6.00 6.00 5.33 5.00 3.67 4.00 3.67 2.00 2.00 2.20 1.25 1.80 1.67 2.00 1.67 2.33 1.00 6.33 6.50 7.00
1.00 1.00 1.67 1.00 1.67 1.00 3.33 3.33 3.33 4.00 5.33 5.50 6.00 6.00 6.00 6.00 3.67 3.25 4.00 3.20 3.00 3.60 2.75 2.40 3.33 3.33 2.67 1.33 1.00 6.33 6.50 6.33
3.00 1.50 2.00 3.50 2.67 2.00 3.00 3.00 4.00 4.00 4.33 5.00 5.67 5.00 4.00 5.00 4.00 3.75 4.00 2.80 3.75 3.40 2.50 2.20 3.33 3.00 2.33 2.33 1.50 6.33 6.00 6.00
3.33 1.50 1.33 2.50 1.67 1.50 3.00 3.00 3.33 3.50 4.67 5.00 4.00 5.50 5.00 4.50 4.00 4.00 3.67 3.20 3.50 2.60 1.50 2.80 4.00 3.00 2.67 1.33 1.00 6.33 7.00 6.00
2.33 2.00 2.67 3.50 3.67 1.50 3.33 3.00 3.67 4.00 3.67 5.00 5.67 5.50 4.33 4.00 3.67 3.75 3.67 4.00 3.25 2.60 1.75 3.00 3.00 2.67 2.33 1.33 1.00 6.33 6.50 6.67
3.00 2.50 4.00 4.50 4.00 2.00 3.00 3.00 3.00 4.00 3.00 4.50 2.67 3.50 2.00 3.50 3.67 3.00 3.33 3.60 2.25 3.40 2.25 2.40 5.00 5.00 4.33 2.00 2.50 4.67 5.50 4.67
1.67 1.50 2.00 2.00 2.00 1.50 3.67 3.33 3.67 4.00 4.67 5.50 4.33 6.00 5.00 4.50 4.00 4.00 4.00 3.20 3.00 3.00 2.25 2.20 2.67 3.67 3.67 3.00 2.00 5.33 5.50 6.00
1.67 1.50 2.33 4.50 3.33 1.00 3.67 2.00 3.00 3.00 3.33 4.50 4.67 5.50 3.33 5.00 3.67 3.75 3.67 4.60 3.50 3.00 2.00 2.80 2.67 3.00 1.67 1.67 1.00 5.33 5.50 6.00
4.00 3.50 1.33 3.50 4.33 1.00 4.00 3.67 4.00 4.00 2.67 1.00 1.67 4.00 1.67 2.00 3.00 3.75 3.67 4.20 4.00 3.00 3.00 1.40 6.00 6.00 3.00 1.00 1.50 5.67 6.50 6.33
2.33 1.00 3.00 3.50 3.67 3.00 3.33 3.33 3.67 4.00 3.33 5.50 4.00 5.00 5.67 5.50 3.33 4.00 4.00 2.20 3.25 2.80 1.75 2.40 4.67 3.33 3.33 1.67 3.00 6.67 6.50 6.00
2.67 3.50 3.67 4.00 4.33 3.00 3.33 2.33 3.00 3.50 3.00 3.50 3.67 4.50 4.00 4.00 2.67 3.00 3.33 3.00 3.00 3.00 2.50 2.60 5.33 4.33 4.33 5.00 4.00 5.33 5.00 5.67
1.67 2.50 2.33 3.50 3.00 4.00 3.00 2.67 3.00 4.00 4.67 5.50 6.00 6.00 2.33 3.00 4.00 4.00 4.00 2.40 2.75 2.80 2.25 2.60 4.00 3.67 3.67 2.00 1.00 5.33 6.00 5.33
1.00 2.50 2.67 5.50 4.67 3.50 2.67 2.67 3.00 2.50 2.67 3.50 4.00 4.00 6.00 6.00 4.00 4.00 4.00 2.60 3.25 2.80 2.25 2.20 4.00 6.00 4.33 1.33 1.50 6.00 6.50 7.00
3.00 2.50 3.67 4.50 4.67 3.50 2.33 2.20 3.00 3.50 3.00 3.00 2.67 3.50 5.33 5.00 3.00 3.25 3.00 2.80 3.47 3.00 2.80 3.20 5.67 5.33 3.67 3.67 2.00 4.67 5.00 5.33
1.33 1.50 3.33 3.50 3.67 2.00 3.00 3.00 3.33 3.50 5.00 5.50 5.67 5.50 6.00 6.00 3.67 3.75 3.67 2.40 2.75 2.40 2.25 1.80 3.67 3.33 2.33 2.67 1.00 6.00 6.00 6.00
2.67 3.00 4.00 6.00 4.00 3.50 3.67 3.00 3.00 3.50 4.00 4.50 3.33 3.50 5.33 5.00 3.00 2.50 2.00 2.60 3.00 3.40 2.80 2.40 5.67 5.47 6.33 3.07 2.00 5.33 5.00 5.33
1.00 1.50 2.80 1.00 4.00 1.00 3.33 2.00 2.67 3.00 4.33 5.50 5.33 5.50 5.00 5.00 4.00 4.00 3.67 3.20 3.00 3.40 2.00 2.40 3.67 4.00 3.33 2.00 2.50 5.67 6.00 5.33
1.00 1.00 3.33 1.50 3.33 1.00 2.67 2.67 3.67 3.50 4.00 5.50 5.00 5.50 5.67 4.50 4.00 4.00 4.00 3.00 2.75 2.60 2.00 1.40 4.67 3.33 3.33 3.00 1.00 6.67 7.00 7.00
3.33 2.50 3.33 3.50 2.33 2.50 2.67 3.00 3.67 3.50 4.67 3.50 5.00 4.00 3.00 5.00 3.33 3.75 3.00 1.80 2.00 3.20 2.00 2.60 3.33 3.00 3.33 1.67 1.50 6.67 7.00 5.67
1.00 1.50 2.00 2.00 3.00 1.00 3.67 3.33 4.00 3.50 4.33 5.00 6.00 6.00 6.00 5.50 3.67 4.00 4.00 2.20 3.00 2.80 1.50 1.40 1.67 1.67 1.33 1.33 1.00 6.33 6.50 6.33
2.67 3.50 3.67 4.50 5.33 4.00 3.00 2.33 2.33 2.65 4.00 5.00 4.67 5.00 5.33 6.00 3.33 3.00 3.33 3.60 3.75 3.80 2.75 3.20 4.67 4.00 3.67 2.33 1.00 6.00 6.50 6.33
1.33 1.00 2.33 2.50 4.00 1.00 3.00 2.33 2.00 4.00 4.33 5.50 4.33 5.00 5.67 5.50 3.67 4.00 3.33 1.80 3.50 3.80 3.00 3.00 4.33 5.33 5.33 4.67 3.00 6.33 6.00 6.67
1.67 1.50 1.67 1.00 1.67 1.00 4.00 3.67 3.67 4.00 5.00 5.00 5.33 5.00 4.93 4.50 4.00 4.00 4.00 2.20 2.25 2.60 2.00 2.20 2.67 2.00 1.67 1.00 1.00 6.67 7.00 6.67
2.67 1.50 1.67 3.00 2.67 1.50 3.67 3.33 3.67 4.00 2.67 1.00 4.33 3.00 5.00 3.00 3.67 2.75 3.67 3.80 4.50 3.00 3.25 3.60 4.67 5.33 3.33 1.00 1.00 5.33 6.40 4.67
2.00 6.00 6.00 6.00 5.33 6.00 3.67 3.33 3.67 4.00 3.00 3.00 5.00 3.00 2.33 3.00 3.67 3.25 3.00 3.60 2.50 2.60 2.00 1.80 3.67 3.67 2.00 1.67 1.50 6.33 7.00 5.67
2.33 2.50 2.33 2.50 2.67 2.00 3.67 2.67 2.33 3.00 4.33 5.00 3.33 4.50 4.67 4.50 3.00 3.25 2.67 2.60 3.00 2.60 1.75 2.40 2.33 3.33 3.00 1.67 2.00 6.33 6.50 6.00
2.00 4.50 3.00 2.00 2.00 1.50 1.67 2.00 2.00 2.15 4.67 5.00 5.67 5.00 4.00 4.50 3.67 3.75 3.67 4.20 4.00 3.20 2.25 3.80 4.00 4.00 4.33 1.33 1.50 6.33 6.00 5.67
3.33 1.50 3.67 6.00 4.33 3.00 3.00 3.00 2.67 3.50 4.67 5.00 5.33 5.00 5.67 5.00 4.00 4.00 4.00 2.80 5.00 3.00 2.50 2.40 6.00 4.67 4.67 2.00 1.00 6.33 6.50 6.67
2.00 1.50 2.67 2.00 2.67 1.50 2.67 2.33 2.00 3.50 4.67 4.50 4.33 4.00 4.00 4.00 4.00 4.00 4.00 3.40 3.00 3.60 2.50 3.00 3.67 3.00 3.00 2.33 1.50 6.67 6.00 6.00
1.33 1.50 2.00 2.50 3.00 1.00 2.67 2.33 3.00 4.00 4.33 5.00 6.00 6.00 5.33 5.00 4.00 3.50 3.33 2.20 1.75 3.00 1.25 1.80 4.67 3.33 2.67 1.67 1.50 6.67 6.50 6.00
1.00 1.00 1.00 1.00 1.00 1.00 3.00 3.67 4.00 4.00 4.33 6.00 6.00 6.00 6.00 6.00 3.33 3.50 3.33 2.60 2.25 2.20 2.25 2.40 2.67 2.33 2.33 1.00 1.00 6.00 6.50 6.67
1.00 1.50 3.00 2.50 1.67 1.50 3.33 3.00 3.67 4.00 5.67 6.00 5.67 6.00 5.33 6.00 3.67 4.00 3.33 2.40 1.75 3.00 1.50 2.00 4.67 3.33 2.00 1.80 1.50 5.67 7.00 7.00
3.33 2.00 3.67 4.00 3.00 3.50 4.00 3.33 3.67 4.00 4.33 5.00 4.00 5.00 4.00 4.50 4.00 4.00 4.00 3.20 2.75 2.20 2.75 3.00 3.33 1.33 2.67 2.33 4.00 6.00 5.50 6.33
3.00 1.00 1.67 3.00 2.67 1.50 2.67 3.33 3.00 4.00 4.67 6.00 5.33 6.00 4.00 5.50 4.00 4.00 4.00 3.20 3.00 2.40 2.00 1.80 2.00 1.67 2.00 1.33 1.00 6.67 6.50 7.00
3.00 2.00 4.33 2.50 4.00 2.00 1.67 2.67 2.67 3.00 4.33 4.00 4.67 4.00 3.33 3.00 3.67 4.00 3.67 2.60 2.50 3.00 2.25 3.00 4.33 4.33 4.67 2.33 3.50 5.00 5.50 5.67
2.67 2.50 4.00 2.50 2.67 2.00 4.00 3.33 3.67 3.50 3.67 3.50 2.67 3.00 4.00 4.50 3.67 4.00 4.00 2.40 2.75 2.40 1.75 2.40 3.67 2.67 3.00 1.67 1.50 6.33 6.00 5.00
3.67 2.50 3.00 4.00 3.00 3.50 2.33 1.67 2.33 3.00 2.67 3.50 3.67 3.50 3.00 3.50 3.67 4.00 4.00 3.60 3.50 2.60 2.25 2.20 4.33 5.00 4.00 3.33 2.50 5.00 5.00 4.67
1.33 1.50 1.67 2.50 3.67 2.50 2.67 2.33 3.33 3.50 4.33 5.00 5.67 5.50 5.67 5.00 4.00 4.00 4.00 2.00 2.75 2.60 2.25 1.80 2.33 2.67 1.67 2.00 1.00 6.33 7.00 6.67
1.00 1.50 2.67 1.00 1.67 1.50 4.00 3.67 4.00 4.00 4.67 5.50 6.00 6.00 6.00 6.00 4.00 4.00 4.00 2.60 3.25 1.60 1.50 1.00 2.00 2.00 2.00 1.33 1.00 7.00 7.00 7.00
2.00 1.50 2.67 2.00 1.33 1.00 3.33 2.33 3.33 3.50 4.67 4.50 3.67 3.00 5.00 4.00 3.33 4.00 4.00 2.20 2.00 2.20 2.00 1.20 3.67 3.00 2.33 2.00 1.00 6.67 7.00 7.00
2.67 2.00 2.67 2.50 4.00 3.00 3.00 2.67 3.00 3.00 4.67 3.50 5.33 4.50 5.00 5.50 3.33 4.00 2.67 1.80 2.35 2.00 1.85 2.10 4.00 2.67 3.33 1.33 1.00 6.67 6.00 6.00
1.33 1.50 1.33 1.50 1.00 1.50 3.67 3.00 3.00 4.00 4.67 4.50 5.33 5.00 4.67 4.50 4.00 4.00 4.00 2.40 2.50 2.60 2.50 1.40 2.33 2.33 1.33 2.00 1.50 6.33 6.00 6.67
1.67 1.50 3.00 3.00 2.00 1.50 3.33 3.00 3.00 3.50 4.67 5.00 5.33 5.00 5.33 5.00 3.67 4.00 3.67 2.20 3.25 2.80 1.50 2.40 4.33 3.33 3.33 3.33 2.50 6.67 6.50 6.33
1.33 1.00 4.00 5.00 3.33 2.50 2.67 2.00 2.00 3.00 3.67 6.00 6.00 6.00 5.33 6.00 4.00 4.00 3.00 4.00 4.50 2.60 2.25 2.60 6.00 5.67 4.33 5.67 4.00 6.67 7.00 7.00
2.00 1.50 1.67 3.50 1.67 3.00 3.67 2.67 3.33 4.00 5.00 4.50 4.67 5.00 4.33 5.00 3.00 3.00 3.33 4.00 3.25 3.20 2.50 3.00 2.67 2.67 1.67 3.33 1.50 6.33 5.50 6.67
1.33 1.50 3.00 2.00 3.33 3.00 3.00 2.67 3.00 3.50 3.33 4.00 5.00 5.50 5.33 4.00 3.33 2.75 3.33 3.80 3.50 3.60 2.75 4.20 3.67 3.33 3.00 1.33 1.00 6.00 6.50 6.33
2.67 2.00 3.67 3.50 4.00 2.00 3.67 2.00 3.33 4.00 4.00 4.50 4.83 4.90 5.00 5.00 3.00 3.00 2.67 3.00 3.22 3.00 1.80 2.40 4.67 3.67 3.67 3.33 3.00 5.67 5.50 5.67
2.00 2.50 2.00 3.00 3.67 2.50 4.00 3.00 3.67 4.00 4.33 3.50 4.00 4.00 4.33 4.50 3.67 3.50 4.00 3.20 2.50 2.60 2.00 2.80 4.00 2.00 1.00 2.33 3.00 7.00 7.00 7.00
2.33 4.00 4.33 4.50 2.67 2.00 3.00 3.00 3.67 3.50 3.67 5.50 6.00 5.50 5.67 5.00 3.00 3.25 3.00 2.20 2.75 4.00 2.25 2.40 3.33 2.33 2.67 3.00 1.50 5.00 5.50 6.00
3.33 2.50 2.37 3.50 3.33 2.50 3.00 3.00 3.33 4.00 2.67 2.00 2.67 2.00 2.33 3.50 4.00 4.00 4.00 3.00 3.25 2.60 2.00 2.40 2.33 3.67 2.67 1.00 1.50 5.67 5.50 4.33
1.67 2.50 5.33 5.50 5.33 3.50 2.33 2.33 3.00 2.50 2.33 1.50 3.33 2.00 4.00 4.50 4.00 4.00 3.33 3.60 3.50 3.40 2.00 2.20 4.00 3.00 3.67 3.00 1.50 5.33 6.00 5.00
2.00 2.00 2.00 2.00 3.00 2.00 3.33 3.33 3.00 4.00 5.00 5.00 5.00 5.00 5.00 5.00 4.00 4.00 4.00 2.60 2.25 2.60 2.50 2.20 3.00 3.00 1.67 1.00 1.00 6.00 6.00 6.00
2.67 2.50 2.67 3.00 3.67 2.00 3.00 3.00 4.00 4.00 4.33 4.50 3.67 5.00 4.00 4.50 3.33 3.75 3.67 2.40 2.75 2.40 2.00 2.00 3.67 3.67 3.33 2.67 1.00 6.00 5.00 6.00
1.33 1.00 2.33 1.00 2.93 1.50 3.00 3.67 4.00 4.00 4.33 6.00 5.33 5.50 5.33 5.50 3.67 4.00 3.67 2.60 2.50 3.00 1.55 2.00 2.33 2.00 2.00 2.00 1.00 6.33 7.00 6.33
2.67 1.00 1.33 1.00 3.00 1.00 3.13 2.83 3.10 3.65 4.33 5.50 6.00 6.00 6.00 6.00 3.67 3.25 3.00 3.00 3.25 3.20 2.30 3.00 3.67 3.00 3.67 2.67 1.50 6.33 7.00 7.00
3.00 1.50 1.67 1.50 2.00 1.50 3.33 3.00 3.00 4.00 3.67 4.00 4.00 4.00 3.67 4.00 4.00 4.00 4.00 3.80 2.75 3.20 3.50 3.20 5.67 3.33 3.33 1.33 1.00 6.33 6.00 6.67
2.00 1.00 4.67 3.50 3.33 1.50 2.67 3.33 3.00 3.00 4.33 6.00 5.33 6.00 5.67 6.00 3.33 3.75 3.33 2.80 2.75 2.60 1.25 1.40 3.67 2.33 2.67 2.00 1.00 6.67 6.50 6.67
2.67 3.50 3.67 4.00 4.00 3.00 3.00 3.33 3.33 4.00 3.33 3.00 5.00 5.00 4.33 4.50 3.33 3.75 3.67 2.80 2.25 2.80 1.50 2.40 4.00 4.33 3.67 3.33 3.00 5.33 5.50 6.00
2.33 1.50 1.67 2.50 2.00 2.00 3.67 3.33 3.00 3.50 4.00 4.50 3.67 4.00 4.00 5.00 3.00 3.75 3.67 2.40 3.75 3.20 2.25 3.00 2.67 2.33 2.33 2.33 2.00 6.67 6.50 5.67
1.67 3.00 4.33 5.00 4.33 3.00 2.67 2.67 2.67 3.50 3.00 4.50 4.67 4.50 5.33 5.50 3.67 3.25 3.33 3.00 3.75 3.40 2.50 3.00 5.33 5.33 5.33 3.33 1.50 5.33 5.00 6.00
2.33 2.00 3.33 3.50 3.67 2.00 3.00 3.00 3.33 3.50 4.00 5.00 3.00 4.00 5.00 4.50 4.00 2.75 3.33 3.20 2.50 2.00 2.50 1.80 3.00 2.67 3.67 2.00 3.00 6.00 6.50 6.33
1.67 1.50 3.33 4.00 4.00 3.50 2.67 2.67 3.33 4.00 5.00 5.50 6.00 5.50 3.33 4.50 4.00 4.00 3.00 2.60 2.50 3.00 1.50 3.20 4.33 3.00 1.67 3.67 2.50 6.00 6.50 6.67
1.33 1.00 2.33 3.00 4.00 1.50 2.67 3.00 2.67 3.00 3.67 5.50 6.00 6.00 5.67 6.00 4.00 4.00 4.00 2.60 1.75 1.60 1.75 1.80 5.00 3.67 2.67 1.33 1.00 6.33 6.50 6.67
3.33 3.00 3.00 5.50 4.33 1.50 3.67 3.00 3.00 4.00 4.00 5.00 4.33 5.00 3.67 4.50 4.00 3.75 3.33 1.60 2.50 2.80 2.00 1.00 6.00 5.33 5.33 2.67 1.00 5.00 6.50 6.00
2.33 1.00 2.33 2.50 2.33 1.50 3.33 2.67 2.67 2.50 5.67 4.00 5.67 5.00 5.00 5.00 2.67 2.75 3.00 2.80 2.75 2.80 2.50 2.60 6.00 5.33 4.33 3.67 2.00 6.00 6.00 6.33
1.00 1.00 1.33 2.50 4.33 1.00 2.33 3.67 2.67 4.00 4.00 6.00 6.00 6.00 5.33 6.00 4.00 3.50 3.33 2.60 2.50 2.80 1.75 2.20 6.00 4.00 3.33 1.00 1.00 6.00 6.50 6.67
4.33 4.00 3.33 3.50 3.67 2.50 3.00 2.00 2.33 2.50 4.33 4.00 4.67 4.50 4.00 3.00 2.33 2.75 2.00 3.40 3.75 3.40 2.25 2.40 5.00 5.67 4.33 4.00 1.50 5.00 5.50 5.67
4.33 1.00 2.00 1.50 3.00 1.50 3.33 3.67 3.33 4.00 4.00 4.50 5.00 5.50 5.00 5.00 2.33 2.00 2.00 3.00 3.75 4.20 2.50 4.40 3.33 4.33 1.67 1.00 1.00 4.67 6.00 7.00
2.00 1.50 1.67 1.50 1.67 1.00 3.00 3.00 3.67 3.50 5.33 6.00 5.33 5.50 5.33 5.00 4.00 3.50 3.67 2.20 3.75 2.60 1.50 1.80 3.67 3.00 2.67 2.00 1.00 5.33 5.00 6.33
1.67 2.00 2.33 5.50 3.00 2.50 3.00 3.33 3.67 3.50 4.67 4.50 5.67 5.50 5.33 5.50 3.67 4.00 3.67 2.40 3.50 2.60 1.75 2.00 4.33 5.00 5.00 3.67 1.00 6.33 7.00 7.00
3.67 2.50 5.33 5.50 5.00 4.50 1.67 1.33 2.33 2.00 2.00 3.50 5.00 5.00 3.00 4.00 4.00 3.75 3.00 3.60 4.50 3.60 2.00 2.80 6.33 6.67 5.00 2.67 4.00 6.33 6.50 6.67
3.67 3.50 2.67 6.00 4.00 4.50 3.33 2.33 2.67 2.00 3.67 5.00 5.00 4.50 4.33 4.50 3.33 3.00 2.67 3.80 3.50 2.40 2.75 2.20 5.00 5.67 5.33 5.33 2.00 4.33 6.00 5.67
1.33 1.00 1.00 1.50 1.33 1.00 4.00 2.33 2.67 3.50 3.33 6.00 2.67 6.00 3.00 6.00 4.00 3.75 3.33 3.20 3.60 3.00 2.50 2.00 3.00 4.67 2.67 1.00 1.00 7.00 7.00 4.33
3.00 2.00 2.33 2.50 2.00 1.50 4.00 2.67 2.00 4.00 3.67 4.50 5.00 5.00 5.00 5.00 4.00 4.00 4.00 2.20 2.75 2.40 2.00 2.00 5.33 5.67 4.67 1.00 1.00 6.33 6.50 6.33
1.67 2.00 2.53 3.00 2.53 2.00 2.67 3.00 3.33 3.50 4.00 4.50 4.67 5.00 4.33 4.50 4.00 4.00 4.00 3.60 3.25 2.00 2.05 2.40 1.67 2.00 1.67 1.67 1.60 6.67 6.50 6.67
2.33 3.50 3.00 4.00 4.00 4.00 2.33 2.33 3.33 3.50 3.00 3.00 2.67 3.00 5.00 4.50 3.00 3.75 3.67 2.60 3.00 2.40 1.50 2.00 6.00 5.00 5.00 2.00 2.50 5.00 4.50 5.00
1.67 1.00 1.33 2.00 1.67 1.00 3.67 3.67 3.67 4.00 4.67 5.50 6.00 5.50 5.67 5.00 4.00 3.25 3.00 2.40 2.75 2.40 1.75 2.60 5.00 3.67 3.00 1.67 1.00 6.00 6.00 6.33
1.67 2.50 4.67 4.00 2.67 1.00 3.00 2.67 3.33 3.00 4.67 5.50 5.00 6.00 5.00 6.00 3.67 4.00 4.00 2.60 3.25 2.60 1.50 1.40 5.00 3.67 2.00 4.67 3.50 7.00 7.00 7.00
1.00 1.00 2.00 1.50 2.00 1.50 3.67 2.33 3.33 3.50 5.33 6.00 5.67 5.50 4.67 5.50 4.00 3.00 3.67 2.60 3.50 2.60 1.50 1.40 1.67 1.67 2.00 1.33 1.50 6.00 6.00 6.00
2.67 1.50 1.67 4.00 3.00 3.50 3.33 2.67 2.67 2.00 4.33 4.00 4.33 4.50 5.33 4.50 4.00 3.25 3.00 3.60 4.00 3.40 1.75 2.00 4.67 4.67 4.67 2.00 1.00 5.33 4.00 5.00
3.67 4.50 3.67 5.00 3.33 5.50 2.33 1.67 2.00 2.00 3.67 3.00 3.00 4.00 3.00 3.50 2.33 2.00 2.00 1.80 3.00 3.00 2.75 3.20 5.00 6.33 6.00 4.67 4.50 5.33 6.00 6.00
2.00 5.00 3.33 2.00 2.00 2.00 3.67 2.67 3.67 3.50 1.67 4.00 1.33 4.00 2.00 3.50 3.33 2.50 2.67 2.60 3.00 3.00 3.00 2.60 2.67 3.00 2.00 1.67 1.50 6.00 6.50 6.00
2.67 2.50 3.00 2.00 4.67 1.50 3.00 3.00 3.33 4.00 2.33 5.00 5.00 5.00 4.67 4.50 4.00 4.00 3.67 3.40 3.75 3.40 2.25 3.00 3.67 3.33 3.33 2.00 1.00 5.00 2.50 4.33
2.67 2.50 4.00 5.50 4.33 6.00 2.67 3.67 3.33 4.00 2.33 3.00 4.00 4.00 4.33 3.50 3.67 3.75 3.67 3.20 3.25 3.40 2.00 2.80 5.67 5.67 5.00 2.67 2.00 5.67 4.50 5.33
3.00 3.00 5.33 5.00 3.00 6.00 2.00 2.33 2.00 2.50 4.00 5.50 4.00 6.00 4.00 5.50 3.00 3.25 3.00 3.20 2.50 4.00 2.50 2.60 6.00 5.33 5.00 4.67 4.50 5.00 5.50 6.00
3.00 2.00 4.00 5.00 4.33 5.00 3.33 3.00 3.67 3.00 4.00 1.50 2.67 2.50 3.33 4.00 3.67 3.25 2.33 3.40 3.50 2.60 2.00 2.40 4.67 5.00 3.00 3.00 2.50 6.33 6.00 6.33
3.33 3.00 3.80 4.00 4.67 2.00 2.67 3.33 3.00 2.00 4.33 5.50 6.00 6.00 2.33 2.00 3.67 2.50 3.33 3.80 3.50 3.00 1.50 3.60 6.33 6.00 5.00 3.33 1.00 5.33 6.00 5.67
3.67 2.50 4.67 3.50 4.67 3.00 3.67 2.67 2.67 3.50 2.00 4.50 4.33 4.00 5.00 4.50 3.00 3.50 2.67 3.20 3.00 2.60 2.00 2.60 4.33 4.67 4.67 2.00 1.50 5.00 5.50 5.33
2.00 1.00 2.67 3.50 3.67 3.50 3.00 2.67 3.00 3.50 3.00 4.50 4.67 5.00 5.67 4.50 4.00 4.00 4.00 4.20 3.75 3.20 2.50 3.40 2.67 3.33 3.33 1.33 1.50 6.33 6.50 5.33
2.67 2.00 5.00 4.00 3.67 3.50 2.67 3.67 3.33 2.00 3.33 5.00 4.00 4.50 4.33 4.50 3.33 3.75 3.33 3.20 3.25 3.20 2.25 2.60 2.67 2.67 2.00 2.33 2.00 6.00 6.00 6.00
3.00 1.50 1.33 2.00 2.00 1.50 2.33 3.67 2.33 2.50 4.33 2.50 5.00 4.00 3.67 3.50 4.00 4.00 4.00 2.20 2.25 3.00 2.55 2.40 2.67 2.00 1.67 2.00 1.00 5.67 6.50 7.00
5.33 3.50 4.67 4.50 5.00 6.00 2.67 2.00 3.00 2.50 4.67 3.50 5.67 5.50 3.33 3.00 2.67 2.75 2.67 3.20 3.75 3.20 3.00 2.20 6.33 6.67 6.00 4.00 2.50 4.00 5.00 3.67
2.67 2.50 1.00 3.00 3.67 2.50 2.00 2.33 2.33 2.50 4.33 4.50 5.33 5.50 5.33 5.50 3.00 3.50 3.33 2.40 3.25 2.00 2.25 1.00 4.23 4.67 3.67 4.00 2.00 5.00 6.50 6.67
4.67 2.50 5.00 5.00 5.67 3.00 2.33 2.67 3.00 4.00 2.00 1.50 4.00 4.00 4.67 5.00 3.33 3.75 3.33 3.20 3.25 2.40 1.50 2.60 5.67 5.00 4.67 2.33 2.50 6.00 4.50 6.33
1.67 1.50 2.67 4.50 3.00 4.00 3.33 2.33 3.00 2.00 4.00 3.50 4.00 4.00 4.00 4.50 3.33 3.75 3.33 3.20 3.50 2.80 2.50 2.80 4.67 5.33 5.00 3.00 2.00 5.67 6.00 5.33
2.33 2.50 4.33 4.50 4.67 3.00 3.67 3.33 3.33 4.00 4.67 5.00 6.00 6.00 5.00 5.00 3.33 3.50 3.33 1.80 2.00 2.60 1.75 2.00 3.00 3.00 2.33 1.33 2.00 5.33 6.00 5.67
3.00 2.00 1.33 3.00 1.33 1.50 2.67 2.67 2.67 2.50 4.33 4.00 5.00 5.00 5.00 5.00 4.00 4.00 4.00 2.40 2.75 3.32 2.00 2.00 4.33 3.67 3.00 2.00 1.50 6.67 7.00 6.33
3.33 1.50 1.67 4.00 3.67 2.00 2.00 2.00 2.33 2.00 4.33 5.50 4.67 4.50 3.67 3.50 3.67 3.75 3.67 3.20 3.00 3.00 2.75 3.40 5.67 4.00 3.67 3.33 2.50 6.67 6.00 4.00
1.67 1.50 1.00 1.00 1.33 1.00 3.67 3.00 2.33 3.00 4.67 5.00 5.67 5.00 5.33 5.00 3.33 3.75 3.33 2.20 2.75 2.80 2.00 2.80 2.33 1.67 1.33 1.00 1.50 6.00 6.50 6.00
3.33 3.50 4.67 5.50 4.67 5.00 1.67 2.33 2.00 3.00 3.00 5.50 4.33 3.50 3.00 3.00 3.33 3.00 3.00 4.80 4.00 4.40 4.00 4.20 6.33 5.33 5.67 5.00 5.00 6.33 6.00 5.00
1.67 3.00 2.67 2.00 4.67 3.00 3.00 3.00 2.67 4.00 4.33 6.00 6.00 6.00 5.67 5.50 4.00 4.00 4.00 2.00 2.75 2.60 2.00 2.00 4.00 3.33 3.00 2.33 2.00 6.33 5.00 5.33
1.33 2.00 2.33 2.50 4.00 2.00 2.33 2.00 2.00 2.50 4.33 6.00 6.00 6.00 6.00 6.00 4.00 4.00 4.00 2.40 3.75 2.20 1.50 1.80 4.00 4.00 2.67 3.33 4.00 7.00 7.00 6.00
3.33 1.50 4.33 6.00 2.00 3.50 4.00 2.67 4.00 4.00 4.67 6.00 6.00 6.00 6.00 5.00 2.67 3.00 3.33 2.20 2.50 3.20 2.25 3.40 2.67 1.67 3.33 1.67 1.00 6.67 6.50 6.67
1.33 1.50 1.67 1.00 2.33 1.50 3.67 3.00 3.67 4.00 4.33 5.50 6.00 6.00 5.67 6.00 3.33 3.75 3.67 2.60 3.00 2.80 2.25 3.00 5.33 3.67 2.67 1.33 1.00 6.00 7.00 6.33
2.67 3.00 5.00 5.00 5.67 3.50 2.67 3.00 2.67 2.50 3.33 4.00 5.33 3.50 3.67 4.00 3.67 4.00 4.00 2.80 3.00 2.20 2.50 3.80 3.00 3.33 3.33 1.00 1.00 6.67 6.50 6.00
2.33 3.00 4.00 5.50 5.33 4.00 3.33 3.00 3.00 4.00 2.33 5.00 3.67 5.50 2.00 3.00 3.67 3.50 3.67 2.40 2.25 2.60 1.50 2.60 6.67 6.33 6.33 1.00 1.00 6.33 6.50 6.33
2.67 3.00 4.00 2.50 3.67 2.50 3.70 3.00 3.67 4.00 4.67 4.00 4.00 4.40 5.33 5.00 3.33 4.00 3.67 2.80 3.25 2.80 1.75 3.20 2.67 1.67 2.00 1.67 1.00 6.00 6.00 6.00
2.33 3.00 3.33 2.50 3.33 2.50 3.67 3.33 3.33 4.00 3.00 3.00 2.50 3.50 3.93 3.00 3.00 2.75 2.33 2.60 2.75 2.60 2.25 2.20 2.67 4.67 3.00 1.67 1.00 6.33 6.50 5.33
1.33 1.50 1.67 2.00 3.00 1.50 3.00 1.67 2.67 1.00 4.00 4.50 5.33 5.50 4.67 5.50 3.67 4.00 3.00 3.20 3.75 2.80 1.50 2.20 5.33 5.00 5.00 3.00 1.00 6.00 6.00 7.00
1.00 1.00 1.00 5.00 3.67 6.00 2.67 2.33 3.00 1.50 2.67 3.00 4.33 5.50 4.67 5.00 3.33 3.75 4.00 3.60 3.25 3.00 2.00 1.80 6.33 5.33 5.00 4.33 1.00 6.33 6.50 7.00
3.00 1.50 3.33 2.00 2.33 1.00 3.33 2.33 2.00 2.00 4.00 3.00 2.00 2.00 5.00 5.00 4.00 4.00 3.67 3.40 2.75 3.20 3.30 3.00 4.33 3.00 1.67 1.00 1.00 6.47 7.00 6.67
1.67 2.00 2.33 2.00 2.00 2.00 3.67 3.00 4.00 4.00 4.00 4.50 4.00 5.00 5.00 5.00 3.00 3.00 3.00 2.80 3.00 2.60 2.25 2.80 3.00 3.00 3.43 1.00 1.00 6.67 7.00 7.00
5.33 1.00 3.33 3.50 1.00 1.00 3.00 3.67 4.00 4.00 3.67 4.50 6.00 5.50 4.67 5.00 4.00 3.75 3.67 2.20 1.50 2.40 1.00 1.40 2.67 3.00 1.67 1.33 1.00 4.67 6.50 5.33
4.33 4.00 3.33 5.50 5.00 4.50 2.67 2.33 2.67 2.50 2.67 4.50 3.00 3.50 3.00 2.50 2.33 2.25 2.67 4.00 3.75 3.00 2.25 3.00 3.13 5.33 5.00 3.00 3.50 5.67 4.00 5.00
1.67 1.50 1.33 1.50 2.00 1.50 4.00 3.67 3.67 3.50 5.33 5.00 5.67 6.00 5.33 5.50 4.00 4.00 4.00 2.00 2.75 2.00 1.75 2.00 1.33 1.67 1.00 1.00 1.00 7.00 7.00 7.00
3.00 2.50 2.00 5.00 4.00 5.00 3.00 1.33 2.33 2.50 3.00 3.50 5.00 4.50 4.00 3.50 1.67 1.25 1.00 3.60 3.00 3.80 2.75 3.80 5.00 5.00 5.67 3.33 3.00 5.67 5.00 5.00
4.33 1.50 3.00 3.50 3.67 2.50 1.00 1.00 2.33 1.00 3.67 6.00 5.67 6.00 6.00 5.00 3.67 3.00 3.00 2.60 3.00 3.20 2.50 3.00 6.33 5.67 6.00 2.67 1.00 3.67 3.50 2.67
1.00 1.00 2.67 1.50 2.00 1.50 3.00 3.33 4.00 4.00 5.33 4.00 5.67 5.50 6.00 4.50 3.67 4.00 3.33 1.60 2.00 2.60 2.00 1.80 3.00 1.67 1.33 1.00 1.00 7.00 7.00 2.33
2.67 1.50 2.33 4.50 3.00 1.50 4.00 2.67 3.57 4.00 3.67 5.50 4.67 5.00 5.00 4.50 4.00 4.00 4.00 1.62 2.00 2.00 1.25 2.20 5.00 4.00 3.67 1.00 1.00 6.00 7.00 7.00
1.33 1.00 1.67 2.00 1.67 2.00 2.67 2.67 2.67 2.50 5.00 5.50 6.00 6.00 6.00 5.50 3.33 3.75 3.67 2.60 3.00 2.60 2.75 2.00 1.67 3.00 1.67 1.33 1.00 6.67 7.00 6.67
2.67 1.50 4.67 3.50 2.67 4.00 2.67 2.67 2.67 4.00 3.97 5.00 6.00 5.50 6.00 6.00 3.67 3.25 3.67 2.40 3.25 3.60 2.75 3.20 4.67 3.67 2.00 1.00 1.00 6.67 6.50 7.00
3.67 2.50 3.33 4.00 3.33 3.50 2.67 2.67 3.00 4.00 3.00 3.00 4.33 4.00 3.00 3.50 3.33 3.25 3.00 2.60 2.50 2.80 2.00 2.20 5.00 3.67 4.67 1.67 2.00 5.00 5.50 6.33
3.00 3.00 4.33 4.50 5.00 4.50 2.33 2.33 2.33 2.50 3.67 3.00 5.33 5.00 3.67 3.50 3.00 4.00 3.67 3.20 2.75 2.20 2.00 2.80 4.33 4.67 5.67 3.00 2.00 5.00 5.50 5.33
2.33 2.50 4.33 2.50 4.33 4.00 2.67 2.33 2.33 3.50 4.67 4.50 4.33 4.50 3.67 4.00 3.33 3.75 3.33 3.20 3.00 2.80 3.00 2.80 4.00 3.33 2.33 2.33 2.50 5.67 6.50 6.00
1.00 1.00 2.00 1.00 1.00 1.00 4.00 4.00 4.00 4.00 5.00 5.50 5.00 6.00 5.33 5.00 3.00 3.50 3.67 3.40 3.75 2.52 2.30 2.26 1.67 2.00 1.33 2.00 1.00 6.47 6.65 5.93
2.33 1.50 2.00 1.50 2.67 1.00 2.33 2.33 2.33 3.00 4.67 5.00 5.33 5.50 5.67 4.50 4.00 4.00 4.00 3.00 3.50 3.00 2.50 2.80 2.67 2.00 1.33 1.33 1.00 6.33 7.00 6.67
1.00 1.50 3.67 2.00 3.33 1.50 2.67 3.33 2.67 2.50 4.33 3.00 2.67 3.00 4.67 5.00 4.00 4.00 4.00 2.60 3.50 2.60 2.25 2.20 5.33 3.33 4.67 4.67 2.50 6.67 7.00 7.00
2.67 3.50 2.00 5.00 5.00 3.00 3.67 4.00 3.67 3.00 4.00 4.50 4.33 5.50 5.33 5.50 3.33 3.25 2.67 2.60 2.25 3.40 2.50 2.20 4.67 3.33 3.33 1.33 1.00 5.67 7.00 6.67
1.00 3.00 3.00 3.00 2.67 1.00 3.00 3.00 4.00 4.00 4.00 5.00 5.33 5.00 5.33 5.00 4.00 4.00 3.67 2.80 2.75 2.80 1.75 1.60 1.33 1.67 1.00 2.67 1.00 7.00 7.00 7.00
1.67 1.00 4.67 2.00 4.00 1.50 3.00 2.67 3.33 3.50 5.33 4.00 5.33 5.00 4.00 5.00 4.00 4.00 3.67 3.00 2.00 2.80 1.75 1.80 4.67 3.67 3.33 2.00 2.00 6.33 6.50 7.00
2.00 2.00 3.67 5.50 4.67 1.00 4.00 1.33 3.67 3.00 2.00 4.50 3.00 3.50 5.00 5.50 4.00 3.50 3.67 3.20 3.75 3.40 3.00 3.00 5.33 5.67 4.33 2.67 2.50 6.00 6.00 5.00
4.33 3.50 4.33 4.50 3.00 2.50 2.67 3.33 3.67 2.50 3.00 2.50 2.33 1.50 5.00 4.50 3.00 3.75 3.33 3.00 3.25 3.20 2.50 2.20 2.00 2.00 2.00 2.00 1.00 6.33 6.50 6.33
3.33 1.50 2.00 3.50 3.33 1.00 3.00 3.00 2.33 3.00 4.00 4.50 5.00 4.50 5.33 4.50 3.67 4.00 3.33 3.00 3.00 3.00 2.00 2.40 3.67 3.33 2.67 1.67 2.00 6.00 6.00 6.33
2.67 2.50 3.33 3.00 3.00 4.00 2.67 2.67 3.00 2.50 4.33 4.50 5.00 4.50 5.00 4.50 4.00 4.00 3.33 2.40 3.25 3.40 2.25 2.20 4.33 3.33 3.67 2.00 1.50 6.33 7.00 7.00
1.67 2.00 1.33 1.00 1.00 1.00 3.33 3.00 3.67 4.00 4.33 2.50 5.33 4.50 4.33 3.00 3.33 4.00 4.00 3.20 3.25 3.00 2.00 2.20 2.00 1.33 1.00 1.00 1.00 7.00 7.00 7.00
3.33 2.00 3.33 4.00 4.00 2.50 2.67 2.67 3.00 3.50 3.33 4.00 4.67 4.50 3.67 4.00 3.33 3.00 3.33 3.40 3.25 3.20 2.50 2.60 4.33 4.33 5.00 2.67 2.50 6.00 6.50 6.33
3.67 4.00 3.00 3.50 3.00 2.00 2.00 2.67 2.67 3.00 2.33 5.00 5.00 5.00 5.00 5.00 3.00 3.25 3.00 2.60 3.25 3.20 2.25 2.40 3.00 2.33 2.00 1.00 1.50 6.00 6.00 6.33
3.33 4.00 3.67 2.00 3.33 2.00 2.67 2.33 2.00 2.50 4.00 4.50 4.00 4.50 4.00 4.00 3.33 3.25 2.67 3.60 3.75 3.60 3.25 2.80 3.00 4.00 4.67 4.00 5.50 4.00 5.00 5.00
2.33 1.50 1.33 2.50 1.67 2.00 3.33 2.67 3.33 3.50 4.33 5.00 4.00 5.00 4.33 4.50 3.67 3.25 3.33 3.40 3.00 3.40 2.50 2.40 3.00 3.00 2.67 1.33 1.00 6.00 6.50 7.00
2.33 1.00 2.00 4.00 3.33 2.50 3.33 2.67 3.33 3.50 3.67 5.50 5.67 6.00 5.00 5.00 3.67 3.75 3.67 2.60 4.00 2.80 3.25 2.80 4.33 3.33 2.67 2.67 1.50 6.67 6.50 6.67
1.00 2.00 2.00 3.50 3.33 1.50 2.33 3.00 3.33 4.00 3.67 6.00 5.00 5.00 5.00 5.00 4.00 4.00 4.00 2.00 2.00 1.20 1.50 1.40 2.33 2.67 2.33 1.00 2.50 6.33 6.50 5.33
2.67 5.00 3.67 3.50 4.67 4.50 3.00 2.67 3.33 3.00 4.00 4.50 4.33 4.50 4.50 5.00 3.27 3.25 3.00 2.20 3.75 2.60 1.75 2.40 3.33 3.33 4.00 3.33 3.00 4.67 5.00 4.33
3.67 3.00 2.33 3.00 3.00 2.50 2.67 3.00 3.00 3.00 4.00 4.50 4.00 4.50 5.33 5.00 3.33 3.25 3.33 3.00 3.25 3.80 2.50 2.40 3.67 4.33 3.67 1.00 1.00 6.00 7.00 6.33
2.33 1.50 1.33 1.50 3.00 1.50 3.00 3.33 4.00 4.00 3.67 5.00 5.33 5.00 4.67 5.00 4.00 4.00 4.00 2.40 2.75 2.40 1.75 2.20 4.67 4.00 3.67 2.00 1.50 7.00 7.00 6.33
1.67 1.50 3.00 2.50 3.33 1.50 3.00 3.00 3.67 4.00 4.00 4.50 5.00 4.50 6.00 6.00 3.67 4.00 3.33 2.80 2.75 2.40 2.00 2.60 2.33 2.67 3.00 1.67 1.00 6.33 6.50 6.33
4.33 1.00 4.33 6.00 6.00 1.00 4.00 3.00 2.67 2.50 1.33 2.00 4.00 3.50 1.67 2.50 3.67 3.25 3.33 4.00 4.00 4.00 4.50 3.00 5.33 6.00 4.33 4.33 3.00 7.00 7.00 6.33
1.33 1.00 2.33 1.00 2.33 1.00 3.33 3.00 4.00 4.00 6.00 5.50 5.67 5.50 5.00 6.00 4.00 4.00 4.00 2.80 2.25 1.80 1.50 1.20 2.00 2.00 2.00 1.00 1.00 6.67 6.00 6.67
1.33 1.50 1.00 2.00 1.33 2.00 3.67 2.67 3.00 4.00 5.33 5.00 6.00 6.00 5.67 5.50 3.67 3.25 3.67 1.20 1.50 2.20 2.00 1.20 3.00 3.00 1.67 1.33 1.00 6.33 7.00 6.33
1.67 2.00 2.33 2.00 2.33 3.00 4.00 3.87 3.63 3.65 4.33 5.50 5.67 6.00 4.00 4.50 3.33 3.00 3.33 2.40 2.50 2.60 1.50 2.40 4.33 4.33 2.67 1.00 1.50 5.33 5.50 5.33
2.67 2.00 2.00 3.00 3.67 3.00 2.33 2.33 3.33 4.00 4.00 4.50 5.00 5.00 4.67 4.50 4.00 4.00 3.33 3.00 2.50 2.80 2.00 2.40 5.00 5.33 4.00 3.00 2.00 4.67 4.50 5.33
1.67 1.50 3.00 4.00 4.00 2.00 2.00 2.00 2.33 1.50 3.00 4.00 5.00 5.00 4.67 3.50 4.00 3.75 3.33 2.68 2.90 2.80 2.70 3.04 5.33 5.00 5.33 3.00 2.00 6.33 6.50 7.00
2.00 3.00 3.33 4.00 3.33 2.50 2.00 2.67 1.67 3.00 3.00 5.50 4.00 5.00 6.00 5.00 3.33 3.25 3.00 2.80 2.50 3.00 3.00 2.40 4.00 2.67 3.67 2.67 1.50 6.00 6.50 6.33
2.67 3.50 3.33 3.00 2.67 2.50 3.33 3.00 3.67 4.00 4.67 4.50 3.33 5.00 4.67 5.00 3.33 3.25 3.33 3.20 3.25 2.60 2.25 2.60 2.00 3.00 1.67 1.33 1.00 5.67 6.50 5.33
1.00 2.00 1.33 1.00 2.33 1.00 2.67 2.67 3.00 3.50 5.33 5.00 6.00 6.00 5.33 5.00 4.00 3.50 4.00 3.20 3.00 3.00 1.75 2.20 2.33 2.33 1.33 1.33 1.00 6.67 7.00 6.33
1.00 1.00 1.33 3.50 4.00 1.00 3.33 2.67 2.67 2.50 4.67 6.00 6.00 6.00 6.00 6.00 3.67 4.00 3.67 2.00 2.00 1.80 2.25 1.60 3.67 2.67 2.33 2.33 1.00 6.67 6.50 6.67
1.33 1.00 2.33 1.00 1.33 1.00 3.67 2.67 3.67 4.00 5.67 6.00 6.00 6.00 5.67 6.00 4.00 4.00 4.00 1.40 2.00 1.80 1.50 2.20 2.33 2.00 1.67 1.33 1.00 7.00 7.00 7.00
3.33 4.00 5.67 6.00 4.67 4.50 1.67 1.67 2.33 2.00 1.67 3.00 2.33 3.50 2.67 3.00 3.33 3.75 3.33 3.80 3.25 2.40 1.25 2.00 6.00 5.67 6.33 4.33 4.50 3.33 4.00 4.67
2.00 1.00 2.00 3.50 2.67 3.00 3.67 2.33 2.67 3.00 4.67 5.50 4.67 4.00 5.00 5.00 2.67 3.00 2.00 4.00 3.25 3.60 3.25 3.20 4.00 3.00 5.67 4.00 2.50 6.67 6.50 6.67
1.67 1.50 2.33 2.50 3.33 1.50 2.33 1.67 2.00 3.00 3.67 5.00 4.67 5.00 4.00 4.50 3.67 4.00 3.67 2.40 3.25 3.60 2.00 3.00 4.33 4.00 2.00 1.00 1.50 6.67 7.00 6.33
2.33 1.00 4.00 2.00 2.67 2.00 3.00 2.67 3.00 3.50 2.33 2.00 2.67 2.00 4.00 3.50 3.80 3.75 4.00 2.40 3.00 2.20 2.75 2.20 5.33 2.00 2.33 2.33 1.00 6.67 6.50 7.00
2.67 1.00 2.00 1.50 1.33 1.00 2.67 2.67 3.23 4.00 4.00 5.50 6.00 5.50 6.00 5.50 4.00 2.50 3.00 2.40 2.50 3.00 2.80 1.20 3.33 2.67 2.67 2.00 1.00 6.67 6.50 6.67
1.33 1.00 2.33 2.50 3.00 2.50 3.67 2.67 2.67 4.00 4.67 6.00 6.00 6.00 5.00 5.00 4.00 4.00 4.00 2.40 2.50 2.00 2.00 1.00 4.33 3.33 2.67 3.67 1.00 6.33 7.00 7.00
1.67 1.50 1.00 1.00 2.00 1.00 4.00 3.33 3.00 4.00 5.33 6.00 5.67 5.50 4.33 4.50 3.67 4.00 3.67 3.60 2.75 2.60 2.00 2.60 3.33 3.00 2.33 1.33 1.00 6.67 7.00 6.33
3.00 2.50 3.33 2.00 3.00 1.50 3.67 4.00 3.67 4.00 5.33 5.50 5.33 5.50 5.00 5.50 3.67 4.00 3.33 1.80 2.75 2.80 1.50 1.80 4.67 3.67 3.33 1.67 1.50 4.67 6.50 7.00
3.00 2.00 4.00 4.00 4.33 3.50 3.00 2.67 2.67 3.50 3.33 4.50 4.33 5.00 3.33 5.00 3.33 2.50 3.33 3.00 3.50 3.00 2.25 2.80 3.00 3.07 2.43 2.40 2.10 5.67 5.00 4.00
3.00 2.50 3.00 2.00 2.00 2.00 3.67 3.00 3.33 4.00 4.00 4.00 4.33 4.00 4.67 4.00 3.33 3.25 3.33 3.20 3.75 2.80 2.25 2.40 2.33 3.00 2.33 1.67 1.00 7.00 6.50 6.67
3.00 2.00 1.67 3.50 4.00 1.50 2.67 1.00 2.33 1.00 4.00 3.00 4.33 4.50 4.67 4.00 3.67 3.50 3.67 2.80 3.00 3.00 2.50 2.60 5.67 6.67 6.33 5.00 4.00 5.00 5.50 5.33
1.67 2.50 4.67 5.50 5.00 2.00 2.00 2.00 2.33 2.50 2.33 4.50 3.67 4.00 4.67 4.50 3.33 3.75 3.33 3.40 2.75 2.60 2.25 2.60 5.33 4.67 5.67 3.00 1.50 4.67 6.00 5.67
3.00 4.00 3.67 4.50 5.00 3.50 2.67 3.00 3.33 3.00 1.00 1.00 2.67 1.00 3.33 3.00 3.67 3.75 3.67 4.00 4.00 3.80 3.00 3.06 4.67 4.33 3.00 2.80 4.00 6.67 7.00 6.60
2.00 2.00 1.67 2.00 2.00 1.50 1.67 2.33 2.33 4.00 4.00 4.00 5.00 4.50 5.00 4.50 4.00 4.00 3.67 2.80 3.00 3.40 2.25 2.40 2.33 1.33 1.67 1.67 1.00 5.33 6.50 7.00
4.67 2.50 6.00 5.00 6.00 3.75 3.67 2.33 3.00 3.50 1.00 4.50 4.00 3.50 4.67 5.00 3.33 3.75 2.67 3.80 3.72 4.00 3.00 3.00 6.00 5.33 5.67 3.07 2.00 5.33 5.00 4.67
4.33 5.50 3.67 3.00 4.67 4.50 3.33 3.00 2.67 3.50 2.33 4.50 3.33 3.00 4.67 4.50 3.67 3.75 3.33 3.00 3.75 2.80 3.00 3.00 5.33 5.67 5.67 4.67 3.00 4.33 6.00 5.67
3.33 2.50 3.33 3.50 3.33 3.00 3.00 2.67 3.00 3.50 4.67 4.00 4.33 4.00 4.33 4.00 3.67 3.75 4.00 2.00 2.50 3.20 2.50 2.40 5.67 6.00 4.33 3.00 2.50 6.33 6.00 6.33
1.33 1.50 2.00 3.00 1.33 1.50 3.33 3.00 3.67 4.00 5.00 5.00 6.00 5.50 5.33 5.50 3.67 2.50 3.67 3.00 2.75 2.20 2.50 2.60 3.00 3.33 3.33 1.00 1.00 5.67 6.50 6.33
2.33 2.00 3.33 2.50 3.00 2.50 3.33 2.33 2.67 3.50 4.67 4.50 4.00 5.50 5.00 4.00 3.67 4.00 3.67 2.00 3.50 2.60 2.50 2.20 2.00 2.00 2.00 2.33 1.00 6.00 5.50 6.67
1.00 1.00 2.33 1.00 1.67 1.00 3.00 3.00 2.67 3.50 4.67 3.50 5.67 5.50 6.00 5.50 4.00 3.25 3.00 3.00 3.00 2.20 1.50 1.80 5.33 6.33 4.67 1.00 1.00 7.00 7.00 7.00
2.00 1.00 3.33 3.00 3.67 3.00 3.00 3.33 4.00 3.50 4.67 5.00 4.00 5.00 5.33 5.00 4.00 4.00 4.00 2.80 3.25 2.20 1.75 2.20 3.33 2.67 2.67 1.00 1.50 7.00 7.00 7.00
4.33 4.50 4.00 4.50 5.00 5.00 2.00 1.67 2.67 2.00 2.67 3.50 3.00 3.00 4.00 4.00 4.00 4.00 4.00 2.40 2.00 2.80 2.25 2.00 5.33 5.00 4.33 3.00 1.00 5.33 5.00 6.33
1.00 1.00 1.33 3.00 2.67 1.50 3.00 2.67 2.67 4.00 5.00 5.50 6.00 5.50 6.00 5.50 4.00 4.00 4.00 3.00 3.25 3.40 2.50 3.20 3.67 2.00 2.67 1.00 1.00 7.00 7.00 7.00
2.33 3.00 2.33 2.00 3.67 2.50 3.00 2.00 2.67 3.00 4.33 4.50 4.33 3.50 4.33 3.50 3.00 4.00 3.67 3.20 3.25 3.00 2.00 2.40 4.67 4.33 3.67 4.00 4.50 4.67 5.50 6.00
3.00 1.00 1.33 1.50 1.67 2.00 2.33 2.33 4.00 2.50 4.33 5.00 5.33 5.50 6.00 4.50 3.67 3.50 3.67 3.60 3.00 2.60 1.50 2.00 3.33 3.00 2.33 1.00 1.00 7.00 7.00 6.67
1.00 1.00 1.33 1.00 1.67 1.00 3.00 3.00 3.00 4.00 4.33 5.50 6.00 6.00 6.00 6.00 3.67 4.00 4.00 2.20 3.50 2.80 2.50 1.20 3.33 2.00 1.33 1.00 1.00 7.00 7.00 6.00
2.33 2.00 2.00 2.00 2.00 2.00 3.33 3.00 3.00 3.50 3.33 2.50 3.33 4.50 5.00 4.50 3.00 4.00 3.67 3.20 3.25 3.20 2.75 2.80 3.33 3.33 2.67 3.00 1.00 6.00 6.50 6.33
2.67 2.00 3.33 4.00 3.33 2.50 3.00 3.33 3.67 4.00 4.00 5.00 4.67 5.00 4.33 5.00 3.33 3.75 4.00 2.60 3.25 1.80 2.00 1.60 4.33 4.33 4.00 2.00 1.00 6.67 7.00 7.00
1.00 1.00 2.00 2.00 1.00 1.00 4.00 3.67 3.67 4.00 5.53 6.00 5.50 5.40 5.60 5.25 3.33 3.75 4.00 2.20 3.50 2.00 1.55 1.90 1.67 2.00 1.33 1.67 1.00 6.67 6.50 6.00
1.00 1.50 2.00 1.00 1.00 1.00 3.00 2.67 2.67 4.00 4.67 4.00 5.00 5.50 5.33 5.50 4.00 4.00 4.00 2.60 2.75 1.80 2.25 2.60 5.00 7.00 5.00 3.00 5.50 5.00 4.00 6.33
3.00 1.50 3.33 2.00 3.00 4.00 2.33 3.00 3.00 2.50 4.00 3.00 4.33 3.50 4.33 3.50 3.33 3.25 3.67 3.20 2.75 2.60 2.75 2.80 2.33 2.67 2.00 1.33 2.00 6.33 6.00 6.67
1.00 1.00 3.67 2.50 1.00 1.00 4.00 2.67 3.33 4.00 4.33 6.00 6.00 6.00 5.67 5.00 4.00 4.00 4.00 1.00 3.00 1.20 1.00 1.00 4.00 2.67 1.33 1.00 1.00 7.00 7.00 7.00
2.67 3.00 3.33 2.00 3.00 2.50 3.67 2.33 3.57 3.00 3.00 3.00 3.00 3.00 3.33 3.00 3.67 3.50 3.67 3.40 3.75 3.00 2.00 2.80 2.73 2.67 1.67 1.00 1.00 6.20 4.00 6.33
2.33 2.00 3.33 4.00 3.33 3.00 2.33 3.00 2.33 2.00 3.67 6.00 5.33 6.00 5.33 5.00 4.00 4.00 4.00 4.00 3.50 3.40 3.25 4.20 5.00 4.00 1.00 1.33 1.60 7.00 4.00 7.00
1.67 1.00 3.33 4.00 2.33 1.00 2.00 2.00 2.00 2.50 4.67 2.00 3.33 2.50 6.00 6.00 3.67 4.00 4.00 2.80 2.75 3.00 1.25 2.00 2.00 2.33 1.33 1.00 1.00 6.67 6.50 6.00
1.00 1.00 1.33 3.00 1.00 1.50 3.67 3.00 3.33 4.00 5.00 6.00 5.33 5.00 5.00 4.50 3.00 2.75 3.67 2.20 2.50 1.40 2.25 1.60 2.33 3.00 2.67 1.00 1.00 6.00 6.50 5.67
2.67 3.00 4.80 4.00 3.33 3.00 3.33 3.67 3.67 4.00 1.67 5.50 4.67 5.50 2.00 2.50 4.00 4.00 4.00 2.40 2.25 3.00 1.25 1.80 4.00 4.67 5.00 1.33 1.00 6.33 6.50 6.27
3.00 2.00 4.00 4.50 4.00 2.50 3.00 2.33 3.33 4.00 4.33 4.50 5.33 6.00 3.67 5.00 2.67 2.50 2.67 2.60 2.50 2.80 2.75 2.60 5.00 4.67 5.00 2.00 1.50 5.67 6.00 5.67
1.67 2.00 4.67 4.00 4.67 1.50 4.00 2.00 2.33 3.50 4.33 4.50 3.00 3.00 4.67 4.50 4.00 4.00 4.00 2.40 2.50 2.40 2.50 2.60 5.00 4.00 4.00 1.00 1.00 5.33 7.00 6.33
3.67 4.50 2.00 3.00 3.00 2.00 4.00 3.00 3.33 4.00 4.00 6.00 6.00 6.00 2.67 2.00 3.80 4.00 3.13 2.60 3.25 2.80 1.75 1.00 2.00 2.33 2.00 1.33 1.00 6.33 6.50 6.67
1.33 2.00 5.00 2.50 3.67 3.50 2.67 2.67 3.33 3.00 3.00 3.50 5.33 4.50 6.00 5.50 3.67 3.75 3.67 3.20 3.50 2.20 1.75 1.60 5.00 5.00 3.33 3.00 3.50 5.33 5.50 5.67
1.33 1.00 1.67 1.50 1.33 3.50 3.00 1.33 1.00 1.00 5.67 4.50 5.67 3.50 6.00 6.00 3.33 3.50 3.67 3.20 3.00 3.20 2.00 3.20 4.33 3.67 4.00 4.00 1.50 6.33 6.50 5.67
3.67 5.50 4.33 4.00 3.33 1.00 3.00 2.67 2.67 3.50 2.33 2.00 2.67 2.50 1.67 1.50 3.67 3.50 3.33 2.40 2.50 2.40 1.75 3.20 3.00 3.33 4.33 3.00 2.00 6.33 6.50 6.67
2.67 1.00 2.33 1.50 2.00 1.50 2.67 2.00 2.67 1.50 4.67 5.00 6.00 6.00 4.93 5.50 4.00 4.00 4.00 3.60 3.00 2.80 1.75 2.20 2.67 2.67 2.33 1.67 1.00 6.67 6.50 7.00
2.67 2.50 2.00 2.50 2.33 1.50 2.33 2.33 3.00 2.50 3.33 4.00 3.00 4.00 3.00 3.00 4.00 4.00 4.00 1.40 1.75 1.60 1.25 1.00 4.67 4.67 5.33 1.67 1.00 6.33 6.00 5.67
3.00 1.50 1.33 2.00 2.00 1.50 3.33 3.67 3.67 3.50 4.00 5.50 6.00 6.00 4.67 3.00 3.33 3.50 4.00 2.00 2.75 2.60 1.75 2.00 3.67 2.33 1.67 2.33 1.60 6.67 6.00 6.00
3.00 2.50 3.33 3.00 1.67 2.00 2.33 1.33 2.33 2.50 5.33 6.00 6.00 6.00 5.67 5.50 4.00 4.00 4.00 3.40 2.50 3.00 2.50 2.20 2.33 3.33 2.67 4.67 1.50 5.67 5.50 5.67
4.00 3.00 4.67 1.50 3.00 3.00 1.67 1.33 2.33 1.50 1.33 1.50 3.00 2.00 5.67 6.00 4.00 3.75 3.67 5.00 3.25 4.20 4.00 4.00 5.33 3.33 4.67 2.67 5.50 5.67 6.50 6.67
2.00 1.50 4.00 2.50 1.00 1.00 3.33 2.67 3.00 2.50 6.00 6.00 5.00 6.00 5.00 6.00 3.67 4.00 3.67 2.20 3.50 2.00 1.50 2.20 3.00 3.00 2.67 2.00 1.50 6.33 7.00 6.33
1.33 1.00 1.33 3.00 1.00 1.00 4.00 3.00 2.67 4.00 5.67 5.00 5.67 5.50 5.67 5.50 4.00 3.25 4.00 3.40 2.25 2.60 1.75 1.60 2.00 1.33 1.33 1.67 1.00 7.00 6.50 7.00
1.00 1.00 3.33 4.50 2.67 2.00 2.67 3.00 2.67 1.50 5.00 6.00 4.33 6.00 6.00 6.00 4.00 3.50 3.33 2.40 2.50 1.80 1.00 1.00 5.33 3.87 6.00 1.33 1.00 6.33 6.15 7.00
3.33 3.50 3.67 5.00 4.67 3.50 3.00 2.33 3.33 3.50 4.00 4.00 3.00 3.00 4.33 4.50 4.00 3.75 3.67 3.00 3.00 2.40 2.50 2.20 4.67 3.67 5.00 3.67 2.50 5.67 6.50 7.00
2.67 2.00 3.33 4.50 5.67 1.50 2.67 3.00 3.33 2.50 3.67 6.00 6.00 6.00 6.00 6.00 2.67 4.00 3.67 4.60 3.75 4.20 2.00 3.80 6.00 6.33 6.00 3.00 2.50 6.00 5.00 5.67
1.67 1.00 2.33 2.50 1.33 1.00 4.00 3.33 3.67 4.00 4.67 6.00 6.00 6.00 5.33 5.00 4.00 3.75 4.00 2.00 2.75 2.20 1.00 1.40 1.33 2.00 1.33 2.00 1.00 6.67 6.00 4.33
2.67 2.00 2.67 3.00 4.33 3.00 3.00 3.00 4.00 4.00 5.00 6.00 6.00 5.50 5.33 5.00 3.33 3.50 3.33 2.20 3.25 2.60 2.25 2.20 4.67 4.33 4.33 4.00 3.50 4.00 6.00 7.00
3.33 3.00 3.00 4.50 3.67 2.50 3.00 3.00 2.67 3.00 2.33 3.00 3.33 3.00 3.33 3.50 3.00 3.25 3.00 2.80 3.50 3.00 2.75 2.80 3.67 2.67 3.67 4.00 1.50 6.00 6.50 5.67
2.00 2.50 4.67 2.00 3.00 3.50 2.67 3.00 3.67 4.00 2.33 3.50 2.00 2.00 3.00 4.00 3.33 3.50 2.67 2.80 3.25 2.80 3.00 1.40 2.33 3.33 2.67 3.33 1.50 5.33 6.00 4.00
2.33 2.50 3.00 5.00 4.67 2.00 1.67 2.33 2.67 3.00 3.00 4.00 2.33 3.00 2.67 3.50 4.00 4.00 4.00 2.80 2.25 3.00 2.75 3.40 5.67 6.00 5.00 1.33 2.50 5.00 6.50 6.33
2.67 1.50 3.33 4.00 3.67 2.50 3.33 3.67 3.67 4.00 5.00 3.50 2.33 2.00 3.33 4.50 4.00 3.75 4.00 2.80 2.00 2.20 2.00 2.40 5.33 4.33 3.67 1.33 1.50 7.00 7.00 7.00
3.33 3.50 2.33 2.00 3.33 4.00 2.67 2.33 2.67 3.50 2.33 3.00 4.67 4.50 4.33 5.50 3.00 3.50 2.67 3.80 2.75 3.80 3.00 3.60 5.33 5.00 5.67 2.33 2.00 6.33 6.50 6.67
2.00 2.00 2.33 2.50 2.67 2.50 3.67 3.00 3.00 4.00 4.00 5.00 5.00 5.00 4.33 5.00 4.00 3.75 3.67 2.60 3.00 2.80 2.00 2.20 6.00 4.67 3.33 1.33 1.50 6.67 6.00 6.00
2.33 3.50 3.00 3.00 2.00 4.00 3.00 2.00 2.33 2.50 4.67 5.00 4.00 4.00 4.33 4.50 3.33 4.00 3.67 3.80 4.25 3.80 3.00 3.20 2.67 2.67 2.33 4.33 3.50 5.67 4.50 6.67
1.33 1.00 2.00 2.50 4.67 2.00 3.33 4.00 3.33 3.50 4.33 6.00 6.00 6.00 4.67 4.50 3.67 4.00 3.00 2.60 4.00 2.60 2.25 2.80 3.67 3.00 2.67 1.67 1.00 6.33 6.50 6.67
3.67 4.00 3.33 3.50 4.67 3.50 3.67 3.00 3.20 3.00 3.33 3.50 4.00 4.00 4.67 5.50 2.33 3.00 2.80 2.40 1.75 3.20 3.25 2.20 4.67 4.00 3.67 5.00 3.50 6.00 6.00 5.00
2.33 1.50 1.67 4.00 2.67 3.00 3.00 3.00 3.00 4.00 3.67 5.00 4.67 4.50 4.00 4.00 4.00 3.75 3.67 3.00 1.75 2.60 2.50 2.00 3.67 4.33 1.67 1.33 2.00 6.67 6.50 7.00
2.67 1.50 2.33 4.50 4.00 3.00 2.67 2.67 3.33 4.00 2.00 3.00 5.33 4.50 3.33 3.00 4.00 3.75 3.33 3.20 4.00 2.60 3.00 2.80 4.00 4.00 2.67 2.33 2.00 6.67 7.00 6.33
3.33 2.50 4.33 3.50 2.67 2.50 2.67 2.67 3.00 3.50 4.00 4.00 3.67 3.00 4.33 4.00 3.00 3.75 3.33 3.20 3.25 3.40 3.00 3.00 2.00 2.00 2.33 2.67 3.00 4.67 5.00 5.00
4.00 4.00 4.33 5.00 5.33 4.00 2.33 1.33 3.33 2.50 3.33 4.50 2.00 3.00 3.33 4.00 3.67 3.25 3.33 4.40 3.00 3.00 2.75 3.80 4.67 4.33 6.00 5.00 2.50 3.33 4.50 4.67
3.00 2.50 2.33 4.00 3.00 2.50 2.33 2.67 3.33 3.50 4.33 4.00 4.00 4.00 3.67 3.50 3.47 3.50 3.33 2.60 2.75 2.40 2.50 2.60 5.00 4.67 4.33 4.00 2.00 4.67 3.50 4.67
3.00 2.00 3.67 4.00 3.67 2.00 3.00 2.67 3.67 4.00 3.67 5.00 4.00 4.00 5.33 4.50 2.67 1.75 2.33 2.00 3.00 3.40 2.25 2.80 4.00 4.00 3.00 2.00 2.00 7.00 6.50 7.00
1.33 1.50 3.00 2.00 1.33 1.50 3.33 3.00 3.00 3.50 4.33 5.00 5.33 5.50 5.33 5.00 3.33 3.75 3.67 3.00 2.50 3.20 2.25 3.20 4.00 4.00 2.00 3.00 1.00 7.00 6.00 6.00
1.67 1.00 3.00 4.50 2.67 1.50 3.33 2.33 3.33 4.00 4.00 5.00 5.67 5.50 3.67 3.50 3.67 2.75 3.33 2.60 3.50 2.00 1.75 1.80 4.33 5.00 3.00 2.00 3.00 6.00 4.00 5.00
3.33 3.00 3.33 4.50 3.33 3.00 2.67 2.33 2.33 3.00 3.33 2.50 2.67 3.00 4.33 4.50 2.67 2.75 2.67 2.80 3.00 2.80 2.50 3.00 3.00 3.00 3.33 2.00 1.50 3.67 4.00 4.67
3.33 3.00 3.00 2.50 2.33 2.00 2.67 3.00 2.33 3.50 5.33 3.50 5.33 5.00 4.67 4.00 3.33 3.50 3.33 2.80 4.00 3.60 2.75 2.40 3.33 4.00 3.67 1.33 1.50 5.67 6.50 4.67
1.67 1.50 3.00 5.00 2.67 2.50 2.00 1.67 2.00 3.00 5.00 3.50 5.33 5.00 6.00 5.00 3.33 3.50 3.33 2.60 3.50 2.80 2.00 2.00 4.33 4.00 3.67 2.67 1.50 6.33 6.50 6.00
3.33 2.50 2.67 3.00 2.00 2.00 3.00 2.67 2.67 4.00 3.67 3.50 5.00 4.50 4.00 4.50 3.00 3.00 3.00 3.20 3.25 3.60 3.00 3.80 2.33 3.33 2.33 1.33 1.00 5.00 5.50 4.67
2.00 2.00 3.33 4.00 4.00 2.00 3.33 2.33 2.00 3.00 4.00 5.00 4.67 5.00 5.33 5.00 3.33 3.25 3.33 2.60 3.25 2.60 2.25 2.00 4.67 5.00 4.33 3.33 2.00 6.33 6.00 5.67
2.33 1.50 2.00 2.50 4.33 2.00 3.00 3.00 3.67 3.50 4.00 5.50 5.67 6.00 5.33 4.50 3.67 4.00 3.67 2.40 3.25 2.20 1.25 1.60 5.67 4.33 3.67 1.33 1.00 6.33 5.50 6.00
2.33 3.00 4.67 4.50 4.67 2.50 2.67 2.33 2.67 3.00 3.00 2.50 1.67 2.50 5.00 5.00 3.33 3.00 2.67 2.20 2.50 3.40 2.25 2.60 4.67 3.67 3.00 2.33 2.00 6.33 6.00 6.33
1.00 1.00 2.67 4.50 4.33 2.00 4.00 3.00 3.00 2.50 3.67 3.00 5.00 3.50 4.00 2.50 3.33 3.25 3.00 3.40 2.50 2.80 1.75 2.40 6.67 5.00 3.67 1.00 1.00 6.33 7.00 6.33
2.67 1.00 3.33 2.50 3.00 1.50 2.33 3.00 3.33 3.00 5.00 6.00 5.00 6.00 5.00 6.00 4.00 4.00 4.00 1.80 2.00 2.40 2.00 1.20 1.67 1.67 2.33 1.67 1.50 6.33 7.00 7.00
3.33 2.50 4.33 4.00 4.00 3.00 2.33 2.67 2.67 4.00 4.33 4.50 4.33 4.50 5.33 5.50 3.67 4.00 4.00 3.40 2.75 3.00 2.00 2.40 4.67 3.00 3.67 2.33 2.00 6.67 6.50 6.67
1.67 1.00 2.67 1.00 2.67 1.00 3.67 3.67 3.67 4.00 5.33 4.50 5.67 5.50 4.67 4.00 4.00 4.00 4.00 2.20 3.00 2.60 2.00 1.80 1.33 1.33 1.33 1.00 1.00 7.00 6.50 6.67
2.67 2.00 3.33 2.50 3.33 2.50 2.67 3.33 3.33 3.00 4.33 4.50 4.67 5.50 4.67 4.50 4.00 4.00 4.00 3.20 2.75 2.20 2.50 2.20 4.67 5.00 5.00 2.00 2.00 5.33 6.50 6.00
1.67 2.50 4.47 4.50 5.00 2.50 3.00 3.33 2.67 2.50 2.33 1.00 2.67 3.00 4.67 4.75 4.00 4.00 4.00 2.20 2.50 3.00 1.75 2.00 5.67 4.33 5.00 1.33 2.50 4.67 6.00 6.00
2.33 1.50 3.67 5.50 5.33 2.00 2.67 3.00 3.00 2.50 4.67 1.50 3.33 2.00 6.00 6.00 3.00 3.75 3.67 3.20 3.00 2.80 2.00 1.80 5.00 4.00 5.00 2.33 2.00 5.33 6.00 6.00
2.33 1.00 1.33 1.00 2.33 1.00 3.33 2.00 3.67 3.50 4.33 5.00 6.00 6.00 5.33 5.50 3.67 3.50 3.33 2.80 4.25 1.80 2.30 2.10 2.33 2.67 2.67 1.67 2.50 5.67 6.00 7.00
2.33 1.50 3.00 2.00 2.00 1.00 3.33 3.00 3.33 3.50 5.00 3.50 4.33 4.50 4.67 5.00 4.00 4.00 4.00 3.00 3.00 3.40 2.25 2.60 2.00 2.00 2.33 1.33 1.00 6.67 7.00 7.00
2.33 2.00 4.00 3.50 3.67 4.00 3.03 2.33 3.00 3.65 3.33 4.50 4.33 4.00 4.33 3.50 3.33 3.25 3.00 3.20 3.25 3.20 2.75 2.60 3.00 2.00 2.00 1.67 1.00 6.67 6.50 5.00
1.33 1.50 1.00 1.00 1.00 1.00 3.67 3.00 3.67 3.50 4.33 6.00 5.33 6.00 5.33 5.50 4.00 4.00 4.00 2.40 2.50 2.80 1.25 1.00 2.67 3.67 2.00 1.00 1.00 6.67 7.00 7.00
1.33 2.00 2.00 3.50 3.67 1.00 1.67 2.33 2.00 2.00 3.67 5.50 5.67 5.00 2.67 3.50 4.00 3.00 3.33 2.40 2.25 1.80 1.75 1.80 4.67 3.00 4.33 1.00 1.50 6.67 7.00 7.00
2.33 1.50 2.33 3.50 3.67 5.50 3.33 2.67 3.67 4.00 4.67 5.00 4.33 4.50 4.67 5.00 3.33 3.75 3.67 1.60 3.00 2.60 2.50 2.00 3.00 3.33 2.67 1.00 1.50 6.00 5.50 5.33
1.67 1.50 5.00 4.50 5.67 3.50 2.67 3.33 4.00 3.50 3.00 2.50 3.67 3.50 6.00 6.00 3.67 3.00 3.33 2.60 3.25 2.80 2.50 2.60 6.33 6.33 6.00 1.67 1.50 6.00 7.00 7.00
1.33 2.00 2.33 3.50 2.67 1.50 3.00 1.33 3.00 1.00 3.33 4.00 4.67 4.50 4.67 4.50 3.00 3.00 2.67 4.60 3.75 2.40 2.00 3.40 4.33 3.33 3.00 5.33 1.00 6.67 5.50 6.67
1.67 1.00 4.33 1.00 3.00 1.00 3.33 3.67 4.00 3.00 4.00 5.00 5.33 5.00 5.33 5.00 3.00 4.00 3.00 3.40 2.75 3.40 3.25 2.80 1.67 1.67 1.67 1.33 1.00 7.00 7.00 7.00
2.33 2.50 3.67 4.00 2.67 2.00 2.67 2.67 3.33 3.50 4.33 4.50 5.67 5.00 4.67 5.00 3.67 4.00 4.00 2.20 3.00 3.80 2.25 2.40 3.00 2.67 3.00 1.67 1.00 6.33 7.00 6.00
2.67 1.50 3.67 4.50 3.33 1.50 2.67 1.67 2.33 2.00 4.67 2.00 4.33 5.00 2.67 4.50 3.67 3.50 2.67 3.80 3.00 3.00 2.75 3.20 4.67 5.00 4.33 4.67 4.50 3.67 4.50 5.00
3.33 2.50 4.67 3.50 3.67 2.50 3.00 3.00 3.33 3.50 4.00 5.50 4.33 5.00 4.33 4.50 3.67 4.00 4.00 2.60 2.25 2.80 1.50 2.32 3.67 2.67 2.67 1.00 1.00 7.00 7.00 6.67
2.33 2.50 3.00 2.50 3.00 3.00 2.67 3.00 3.33 3.50 4.33 5.00 5.33 5.50 5.33 5.50 3.00 4.00 3.33 2.80 3.25 3.00 2.00 3.00 2.33 3.00 3.33 1.33 1.00 6.33 5.00 4.33
3.67 3.50 4.67 4.50 4.33 4.00 2.00 1.00 2.33 1.50 1.00 2.50 2.00 2.00 4.33 4.50 4.00 3.50 3.67 2.60 2.75 2.40 2.50 3.00 3.00 3.67 3.33 2.33 4.00 6.33 6.50 5.67
1.33 1.00 1.00 3.00 3.00 1.50 3.00 3.33 3.33 4.00 4.33 5.50 5.67 5.50 5.33 5.00 3.00 3.25 3.67 2.20 2.25 2.80 2.25 2.20 5.00 5.67 3.00 3.00 2.00 6.33 6.50 6.67
1.33 1.00 2.33 1.00 1.33 1.50 3.00 3.67 4.00 3.50 3.00 4.00 6.00 5.00 5.67 5.50 3.67 3.75 4.00 2.20 2.00 2.60 1.00 1.80 2.33 3.00 2.00 1.00 1.00 6.33 7.00 6.67
3.00 4.00 3.33 3.00 4.33 3.50 3.00 3.33 3.00 3.50 3.00 2.50 4.00 2.50 3.33 4.00 2.33 3.25 3.00 2.20 3.00 2.80 3.25 2.40 3.67 3.00 2.67 4.00 5.00 5.33 4.00 5.67
3.00 2.00 4.00 4.00 4.33 2.00 3.00 3.33 2.67 2.00 3.00 5.50 4.33 5.50 5.00 5.50 4.00 4.00 4.00 3.00 3.75 3.20 2.75 3.40 5.00 4.67 3.33 2.00 1.50 7.00 6.50 7.00
3.00 1.50 1.67 3.50 4.00 2.00 3.00 2.67 2.33 3.50 3.33 5.00 4.33 5.00 5.67 5.50 3.33 4.00 3.33 3.00 4.00 3.20 2.75 2.80 5.67 4.00 3.33 2.00 1.00 5.67 6.00 5.67
3.67 1.50 3.67 3.00 3.33 2.50 3.33 2.00 3.33 4.00 4.33 5.00 5.33 5.50 5.00 5.50 3.33 3.50 3.33 3.60 4.25 3.40 2.50 3.00 4.33 3.67 3.00 2.00 1.50 6.00 6.50 6.33
2.33 2.00 2.67 3.00 2.00 3.00 4.00 4.00 3.00 4.00 5.00 5.00 4.67 5.00 4.67 4.50 3.33 3.25 3.33 2.40 3.50 2.60 2.00 2.60 3.00 2.33 1.67 1.33 1.50 7.00 7.00 6.67
3.00 1.50 3.00 4.00 3.00 2.00 3.00 2.33 3.33 3.50 4.33 5.00 4.33 4.50 4.00 4.50 3.67 3.75 3.67 2.80 2.72 2.20 2.25 2.66 5.33 4.33 3.67 2.00 1.50 5.67 5.50 4.67
2.33 2.00 4.00 2.50 4.00 3.50 3.33 3.33 3.33 3.50 3.67 5.00 5.00 5.00 5.00 5.00 4.00 4.00 4.00 3.40 3.25 3.60 2.50 2.80 2.67 2.67 2.67 2.00 2.00 4.00 4.50 5.33
2.67 1.50 4.67 4.00 3.67 3.00 4.00 3.00 3.33 2.00 4.67 4.00 3.67 4.00 4.67 5.00 3.33 3.00 3.33 2.80 2.75 3.40 3.05 1.90 2.00 2.67 1.33 2.33 2.00 6.33 6.50 6.00
1.00 1.00 1.33 1.50 1.67 1.00 3.33 2.67 3.33 4.00 5.33 6.00 5.67 5.50 6.00 5.50 3.67 4.00 3.00 2.20 2.50 2.60 1.50 2.00 2.67 2.33 2.33 2.00 1.00 5.67 6.50 6.67
1.67 1.50 2.67 3.50 3.33 1.50 3.33 3.33 3.00 3.50 4.67 5.00 5.67 5.50 5.00 5.00 4.00 4.00 4.00 1.60 2.00 1.80 1.50 1.80 2.67 2.67 3.00 1.67 1.60 5.00 6.50 6.67
1.73 1.00 1.70 3.50 1.67 1.00 3.33 3.00 3.00 3.50 5.33 5.50 5.67 6.00 6.00 5.50 4.00 4.00 4.00 2.80 2.50 2.20 1.75 2.00 2.00 2.00 1.67 1.67 1.50 6.33 6.50 6.33
1.00 1.00 1.33 1.00 1.00 1.00 3.33 3.67 4.00 4.00 5.00 6.00 5.67 6.00 4.67 6.00 4.00 4.00 3.67 2.40 2.75 3.60 1.75 1.60 3.00 3.00 1.67 1.00 1.00 6.33 6.50 6.00
1.67 1.50 1.67 2.00 2.00 1.50 2.67 2.33 2.67 3.00 4.67 3.50 3.67 3.00 5.00 5.00 4.00 4.00 4.00 2.60 2.75 2.80 2.00 2.40 3.00 3.33 2.67 1.33 1.50 4.67 6.00 5.33
3.00 2.00 3.33 4.00 5.33 2.50 3.00 3.00 3.33 4.00 2.67 4.50 5.33 6.00 5.00 3.50 3.33 2.75 2.67 4.40 3.00 4.60 4.25 4.60 5.33 4.33 4.33 2.33 4.00 6.33 6.50 6.33
2.33 2.00 3.00 4.50 4.00 2.50 2.67 2.33 3.00 3.00 3.00 3.50 3.67 3.50 4.00 4.00 3.67 3.25 2.67 3.00 3.75 3.80 2.25 2.60 5.00 4.00 3.67 2.67 2.00 5.67 6.00 5.67
1.00 1.00 2.00 1.00 1.00 1.50 2.67 2.67 2.33 3.00 5.00 5.00 6.00 5.50 6.00 6.00 4.00 4.00 3.33 2.80 2.72 2.20 1.00 2.20 3.00 4.00 3.33 2.33 2.50 5.33 5.00 4.00
3.00 2.50 4.33 4.50 5.33 4.00 2.67 2.67 3.00 3.50 3.33 4.00 4.33 3.50 4.67 3.50 2.67 2.50 2.33 3.00 3.50 3.80 3.25 3.60 4.67 4.67 5.33 4.00 4.00 5.00 5.00 4.67
3.00 2.00 3.33 4.00 4.00 3.00 2.33 2.67 2.67 3.00 3.00 5.00 4.67 5.50 5.33 5.50 3.67 3.25 3.33 3.20 4.25 4.00 4.00 4.00 4.00 3.33 4.33 3.00 1.00 6.00 6.00 5.67
1.67 1.50 3.67 5.00 4.00 3.00 3.00 2.67 3.33 4.00 4.67 3.00 3.00 4.00 5.33 4.50 3.67 3.50 3.33 3.80 3.25 3.20 2.25 2.20 4.00 3.33 4.00 2.00 2.50 4.67 6.00 5.00
4.33 4.00 5.00 6.00 5.33 5.50 2.33 2.33 2.33 4.00 1.33 1.50 3.00 1.50 2.00 2.50 3.33 3.75 3.33 2.20 2.75 2.60 2.25 2.20 5.33 4.67 5.33 4.33 5.50 4.67 4.00 4.00
1.67 1.00 3.67 3.00 3.00 1.50 2.33 1.33 2.67 2.00 4.33 5.50 4.33 4.00 5.33 3.50 3.33 3.25 3.00 3.80 3.25 3.20 2.25 3.00 3.67 4.00 6.00 5.33 3.00 4.67 4.50 3.67
1.67 2.50 2.67 5.00 3.00 3.50 4.00 2.67 3.33 3.50 4.00 5.00 5.00 5.00 3.33 5.00 4.00 4.00 4.00 3.40 3.75 3.00 3.00 3.00 4.00 3.67 2.00 1.00 1.00 6.00 5.50 6.33
2.00 2.00 3.00 3.50 3.67 2.00 3.33 3.00 3.67 4.00 5.00 5.00 4.67 4.00 4.67 4.00 3.67 4.00 2.67 2.80 3.00 2.60 2.75 2.00 2.33 3.00 2.67 2.00 1.50 6.00 5.00 6.00
2.00 4.00 5.00 6.00 6.00 3.00 1.67 2.67 2.00 2.50 3.67 4.00 4.00 4.50 4.67 5.50 3.33 3.25 2.67 2.60 3.75 2.20 2.00 2.20 5.67 5.33 6.33 5.00 2.50 6.00 6.50 5.33
1.67 1.50 3.67 2.00 1.33 1.50 4.00 3.33 3.67 4.00 5.00 3.00 5.33 5.00 4.33 3.50 3.67 3.75 3.33 4.00 2.75 2.60 2.50 2.20 1.67 2.00 1.33 2.00 1.00 6.00 6.00 6.67
2.67 2.50 2.33 4.00 4.00 3.50 3.67 3.00 3.33 4.00 3.67 5.00 4.33 5.50 4.00 4.00 4.00 4.00 4.00 2.40 3.25 2.80 2.00 3.00 3.33 2.00 3.00 1.33 1.00 6.67 7.00 6.67
1.67 1.50 1.67 2.00 1.67 1.50 3.67 2.33 4.00 3.50 5.00 5.00 5.67 5.50 5.33 5.50 4.00 4.00 4.00 1.40 2.00 2.20 1.50 1.40 4.33 4.33 3.67 1.00 1.00 6.67 7.00 7.00
2.33 2.00 3.33 2.50 3.67 3.00 2.67 2.00 2.33 3.00 4.00 5.00 4.67 5.00 4.67 5.00 4.00 4.00 4.00 3.20 3.75 3.40 2.50 3.40 3.67 3.00 3.67 2.67 2.50 6.33 6.50 6.67
2.33 1.50 3.00 2.00 2.00 2.00 2.67 2.00 2.00 3.00 4.33 3.00 5.00 4.50 4.33 4.00 3.00 3.75 4.00 3.20 3.25 3.40 2.75 3.20 2.00 3.33 3.67 1.67 1.50 5.00 5.00 5.33
2.00 1.50 2.00 1.00 2.70 1.00 3.67 3.00 3.33 3.50 3.67 4.50 6.00 5.50 5.67 4.50 2.33 2.75 2.67 3.20 2.25 2.20 1.50 2.00 3.33 3.33 3.67 1.00 2.00 6.00 6.00 5.00
4.67 4.00 4.00 4.50 3.67 3.50 2.33 2.67 3.00 2.50 3.67 3.00 2.67 3.90 3.00 3.50 3.33 4.00 3.00 3.40 3.25 3.00 2.75 2.80 4.00 4.00 3.67 2.67 1.50 4.33 4.00 5.67
1.00 1.00 3.33 1.00 1.00 3.00 3.33 1.67 2.00 2.00 4.00 5.50 3.33 5.50 4.33 5.00 4.00 4.00 4.00 1.60 2.75 2.00 1.00 1.80 1.33 1.33 1.00 3.00 4.00 6.33 6.50 6.67
2.67 2.00 2.00 3.00 3.67 3.00 3.03 2.50 3.10 2.50 3.33 3.50 5.00 5.00 4.33 4.50 2.67 3.25 4.00 3.00 3.00 3.40 3.00 3.60 4.00 3.33 4.33 2.33 2.00 5.67 4.50 4.33
3.33 3.00 4.00 3.50 4.00 3.00 2.33 2.00 2.00 3.00 3.00 3.50 3.33 4.50 5.00 5.00 3.33 3.00 2.67 3.80 3.00 4.40 4.25 4.00 3.00 4.00 3.33 3.67 3.50 5.33 6.00 5.00
1.67 1.00 4.33 1.00 1.67 1.00 3.00 3.00 3.00 2.50 5.67 5.50 6.00 5.00 6.00 6.00 4.00 4.00 3.33 2.80 3.00 3.00 2.00 2.80 4.00 2.67 1.33 4.67 4.00 7.00 5.00 6.67
1.33 1.00 2.00 3.00 3.67 3.50 3.33 3.00 3.67 3.50 3.67 4.50 6.00 6.00 6.00 6.00 3.00 3.25 3.00 3.20 3.75 4.00 3.00 3.40 3.33 2.67 2.33 2.33 2.50 5.67 6.00 6.33
3.00 2.00 3.00 3.00 4.67 3.00 3.00 3.67 4.00 4.00 3.00 4.50 4.00 4.50 4.00 4.00 3.00 3.75 3.00 3.00 2.50 2.60 2.75 2.20 2.67 2.00 2.67 1.33 1.00 6.67 7.00 7.00
2.33 2.00 3.67 4.00 4.00 3.00 3.60 2.53 3.50 3.30 5.33 4.50 5.67 5.50 4.33 4.00 3.67 3.25 3.33 3.60 4.25 3.20 3.00 3.20 5.33 5.33 4.33 3.67 2.50 6.00 6.00 5.33
4.33 2.50 2.67 2.50 2.67 1.50 3.00 2.33 2.67 2.50 3.00 2.50 4.00 6.00 3.67 6.00 3.67 3.75 4.00 2.00 1.75 1.60 1.50 1.40 2.00 3.67 2.00 1.33 2.50 6.67 6.50 6.67
1.67 1.50 3.67 3.50 3.67 3.50 2.33 1.33 1.67 2.00 4.00 4.50 4.00 4.00 6.00 6.00 3.67 4.00 3.33 3.80 3.50 2.40 2.25 2.60 3.33 3.33 2.33 2.67 2.50 6.00 4.50 5.67
2.67 1.50 2.33 3.50 2.67 2.00 2.67 3.00 3.67 4.00 2.33 2.00 1.00 1.00 5.00 5.00 3.67 3.50 3.00 3.20 5.00 2.40 2.25 2.60 4.00 4.00 3.33 3.00 2.50 5.67 5.00 4.67
2.67 2.00 2.00 3.00 2.67 2.00 2.67 2.67 3.33 3.00 3.33 3.00 5.33 4.50 4.67 4.00 4.00 4.00 4.00 2.60 3.50 3.20 2.75 2.60 3.33 3.00 3.33 1.67 4.00 7.00 6.50 7.00
2.00 1.50 2.00 2.00 1.00 1.00 2.93 3.20 3.50 3.30 5.00 5.00 6.00 6.00 5.67 5.50 3.33 3.50 3.33 1.80 2.00 2.00 2.00 2.00 2.00 3.00 2.33 1.67 1.00 6.00 6.00 5.33
2.33 2.00 2.33 2.00 1.67 1.50 3.67 3.00 2.33 3.50 3.00 5.50 5.00 5.00 5.00 5.00 4.00 4.00 4.00 3.80 3.25 2.80 2.55 3.30 2.67 2.67 2.33 1.00 1.50 6.33 6.00 6.33
3.67 2.50 3.00 4.00 5.00 2.50 2.67 2.33 3.00 2.50 4.00 4.50 4.67 4.50 5.00 4.00 2.67 2.75 2.67 3.60 4.25 3.60 2.25 3.00 5.00 3.67 4.00 4.00 2.00 5.33 6.00 4.33
1.00 1.00 3.33 3.50 3.67 1.00 3.33 3.33 4.00 3.50 6.00 6.00 5.33 6.00 6.00 5.00 4.00 4.00 4.00 2.60 3.47 2.60 2.00 1.80 2.00 2.33 1.33 1.00 1.00 7.00 7.00 6.67
3.33 2.00 3.00 3.50 2.33 2.00 2.67 2.00 3.33 2.50 4.00 5.00 3.67 4.50 5.00 5.00 3.00 3.50 3.33 2.80 2.00 1.80 2.25 2.20 2.00 1.67 2.33 1.67 3.00 5.67 5.50 6.00
1.00 1.00 3.67 3.50 1.67 1.00 3.67 2.67 3.67 2.00 4.33 6.00 6.00 6.00 6.00 6.00 4.00 4.00 3.33 1.80 1.75 1.60 1.00 1.00 4.33 4.33 2.33 3.33 1.00 7.00 6.50 5.67
2.33 1.60 3.80 5.00 5.33 6.00 3.00 3.33 3.67 4.00 4.67 2.50 4.00 3.50 4.67 3.50 4.00 3.50 3.33 2.80 2.97 2.20 1.55 2.00 4.07 4.13 4.43 1.67 1.50 6.67 6.50 6.00
2.00 2.00 2.33 3.00 2.67 2.50 3.33 3.00 3.67 4.00 3.33 3.00 3.67 3.40 4.33 4.50 3.67 3.75 3.67 3.20 3.00 3.40 1.92 2.80 4.00 3.33 2.00 1.67 1.00 6.00 6.00 5.67
2.00 1.00 2.33 1.50 2.33 1.00 2.67 3.00 3.67 4.00 5.00 5.00 5.33 5.50 5.33 5.50 3.67 4.00 3.67 2.60 2.25 2.80 2.30 2.10 3.33 3.00 2.67 2.33 1.50 6.00 5.00 6.33
2.67 2.00 2.67 3.50 3.33 2.00 2.67 3.67 3.33 3.50 2.67 5.00 5.00 5.00 5.00 5.00 4.00 3.92 3.67 2.40 2.75 2.80 2.00 2.92 3.67 3.67 3.67 2.33 2.00 6.67 7.00 7.00
2.67 1.50 2.33 4.00 3.33 2.00 3.33 2.67 3.00 4.00 5.00 6.00 6.00 6.00 4.67 6.00 4.00 4.00 4.00 1.80 2.75 3.20 2.25 2.20 4.00 2.67 2.33 1.00 2.00 5.00 7.00 6.33
2.67 3.00 2.33 3.00 2.67 2.00 2.67 2.67 3.33 2.50 3.33 4.00 2.33 5.00 3.67 5.00 4.00 4.00 4.00 2.80 2.25 2.60 2.50 2.80 2.33 2.67 2.67 2.67 2.50 5.33 6.00 6.33
2.33 1.00 3.33 3.00 3.00 1.00 3.00 3.00 4.00 4.00 3.33 4.00 3.67 5.50 5.00 5.50 3.33 3.00 3.00 3.60 2.25 4.40 2.75 3.00 3.00 4.00 3.67 1.00 1.00 6.33 6.50 6.67
2.00 1.00 2.33 1.50 2.67 1.00 3.00 1.67 2.67 3.50 4.00 5.50 5.00 6.00 5.33 5.50 4.00 4.00 3.67 2.80 3.75 3.60 2.50 3.40 3.33 5.33 3.67 2.67 2.00 5.33 7.00 7.00
3.33 1.50 3.00 5.00 2.67 3.50 2.33 2.00 2.33 3.00 3.67 2.50 4.33 4.00 3.33 3.50 3.67 3.00 3.33 2.40 2.25 2.40 2.50 1.80 4.00 4.00 4.67 1.33 1.50 6.33 7.00 6.00
4.67 3.50 4.00 4.00 4.33 3.50 3.00 2.00 2.67 2.50 1.00 1.00 2.67 2.50 2.67 2.00 2.00 3.25 2.33 4.20 3.75 4.00 3.25 3.80 5.67 5.00 5.67 2.33 2.00 4.33 4.50 6.00
3.00 2.50 4.33 5.50 3.33 4.50 2.67 2.67 3.00 3.50 2.33 3.50 3.00 3.50 4.67 4.50 3.67 4.00 3.67 1.80 3.00 2.80 1.75 1.20 3.67 4.67 4.67 1.67 1.50 6.33 6.50 6.67
3.00 2.00 5.67 5.00 5.00 2.50 3.00 3.00 2.67 3.00 4.33 5.00 5.33 5.50 5.67 4.50 4.00 4.00 3.67 2.80 3.00 3.40 1.75 1.60 4.67 4.67 4.67 2.67 1.50 5.33 4.50 5.33
2.67 1.50 3.00 2.00 3.00 1.50 3.67 3.00 3.00 4.00 4.33 5.50 5.67 6.00 5.33 6.00 4.00 3.75 3.67 2.20 2.25 2.60 1.75 1.80 2.67 2.67 1.67 1.67 1.50 6.67 6.50 6.33
4.00 3.00 4.33 4.00 4.00 3.00 3.33 3.00 2.67 2.50 3.67 4.00 4.67 4.00 4.00 4.50 3.00 2.75 2.67 3.00 3.00 3.00 2.50 3.00 4.67 4.33 4.00 4.00 3.50 5.00 5.50 5.33
3.00 3.00 2.67 3.00 2.67 3.00 3.67 2.33 3.33 4.00 4.00 4.50 5.67 5.50 4.67 3.50 3.67 4.00 3.67 3.20 3.00 3.00 2.50 2.40 2.67 3.33 3.33 1.00 2.50 6.00 6.50 5.67
3.00 2.50 2.00 3.50 2.33 3.50 2.67 2.67 3.00 3.00 5.00 4.50 5.00 4.50 5.33 4.00 3.67 2.75 3.33 2.00 2.50 2.60 3.00 2.00 1.00 1.33 1.33 1.00 1.00 6.67 6.00 5.33
1.67 1.00 2.00 1.50 4.33 1.00 2.67 3.00 3.33 2.50 4.10 2.50 3.50 5.00 4.93 4.25 3.00 2.75 3.00 3.80 3.00 3.60 2.50 3.26 6.00 5.00 5.67 3.33 3.50 6.33 4.00 5.67
4.33 5.00 6.00 6.00 5.00 4.00 1.67 1.67 1.67 1.00 1.33 1.00 1.67 2.50 3.67 4.00 4.00 4.00 3.67 4.00 3.25 3.80 2.00 2.80 5.00 5.33 6.00 4.33 3.00 6.00 6.00 6.33
1.67 1.50 3.00 6.00 5.67 3.50 2.33 2.67 2.67 3.00 2.67 5.50 4.00 5.50 6.00 5.00 3.00 2.25 3.33 2.60 3.75 3.00 2.25 2.80 6.67 5.67 5.67 4.00 2.50 4.67 5.50 5.00
3.00 2.00 3.33 3.50 3.67 3.50 3.67 3.33 3.67 3.00 3.67 5.00 5.00 5.00 5.00 5.00 3.67 3.50 3.67 2.00 2.00 2.80 2.75 3.00 3.33 4.00 4.33 1.67 1.50 6.33 6.50 7.00
1.67 3.00 3.00 2.00 1.67 1.50 3.33 2.87 3.63 2.65 3.33 3.50 3.67 3.50 4.67 5.00 3.33 4.00 3.67 3.60 3.25 2.40 2.75 2.40 1.67 2.33 2.53 1.33 1.50 6.33 6.50 6.33
2.33 2.00 2.67 4.50 3.67 2.50 2.67 2.67 2.67 3.00 4.33 4.00 4.00 4.50 4.67 4.00 3.33 3.75 3.33 3.20 3.25 2.80 2.25 2.20 4.67 2.67 2.33 1.67 1.00 5.67 6.00 5.00
2.67 1.00 2.00 1.50 3.33 1.50 3.67 3.00 3.00 4.00 5.33 6.00 6.00 6.00 6.00 6.00 4.00 4.00 4.00 1.40 2.75 2.40 1.25 1.20 4.67 3.67 2.33 1.00 1.00 6.67 7.00 7.00
2.67 1.50 4.00 4.50 3.33 1.50 3.00 3.33 3.00 4.00 5.00 5.50 5.67 6.00 4.00 4.50 4.00 4.00 4.00 2.20 2.75 2.40 2.00 2.20 4.33 1.67 1.33 1.00 1.00 7.00 7.00 6.00
1.00 1.00 2.33 2.50 3.67 3.00 2.67 3.67 2.67 2.50 3.67 5.00 5.00 5.00 5.33 4.50 1.00 1.00 1.00 1.60 3.22 3.20 1.50 2.20 5.00 6.00 4.00 1.00 1.00 6.00 7.00 7.00
2.00 2.00 2.67 3.00 3.33 2.00 2.00 3.00 2.67 4.00 5.00 5.00 5.33 5.00 5.00 5.00 4.00 4.00 4.00 3.00 3.50 2.60 3.25 2.40 2.67 2.00 1.67 2.67 1.50 6.67 7.00 7.00
2.33 2.00 2.73 2.00 2.67 2.50 3.33 2.33 3.00 3.00 3.67 4.50 4.67 4.00 4.33 4.00 3.00 3.25 3.33 2.00 2.72 2.80 1.92 2.00 2.00 1.33 1.67 3.33 1.00 6.33 5.00 6.00
6.00 6.00 4.33 6.00 4.67 2.50 3.00 2.33 3.00 3.00 3.33 1.50 3.00 3.00 4.00 2.50 4.00 4.00 4.00 4.00 4.00 4.00 3.25 3.80 3.67 3.00 4.00 1.33 1.50 6.67 7.00 5.67
